 Merge of: A_c4_sub.dat B_c1_sub.dat                                                                                                                                                                                                                            
A_c4_sub.dat  Conc = .10E+01  Mult = .34E+00  N1 =   40  N2 =  201  SCALE =  1
B_c1_sub.dat  Conc = .10E+01  Mult = .10E+01  N1 =    1  N2 =   82  SCALE =  1
 0.168963E-01  0.383712E+02  0.168493E+00
 0.179953E-01  0.378752E+02  0.169198E+00
 0.190942E-01  0.372232E+02  0.179932E+00
 0.201932E-01  0.368071E+02  0.188470E+00
 0.212921E-01  0.359894E+02  0.195273E+00
 0.223911E-01  0.354102E+02  0.200966E+00
 0.234900E-01  0.346858E+02  0.206009E+00
 0.245889E-01  0.339446E+02  0.210045E+00
 0.256879E-01  0.330332E+02  0.213524E+00
 0.267868E-01  0.322337E+02  0.216698E+00
 0.278858E-01  0.316507E+02  0.219745E+00
 0.289847E-01  0.310203E+02  0.222550E+00
 0.300837E-01  0.303677E+02  0.224823E+00
 0.311826E-01  0.297260E+02  0.226900E+00
 0.322816E-01  0.291379E+02  0.229297E+00
 0.333805E-01  0.282607E+02  0.231231E+00
 0.344795E-01  0.276737E+02  0.233149E+00
 0.355784E-01  0.268869E+02  0.234607E+00
 0.366774E-01  0.261431E+02  0.236549E+00
 0.377763E-01  0.252629E+02  0.238123E+00
 0.388753E-01  0.245098E+02  0.239586E+00
 0.399742E-01  0.238681E+02  0.241331E+00
 0.410732E-01  0.233967E+02  0.243120E+00
 0.421721E-01  0.225953E+02  0.244830E+00
 0.432711E-01  0.219915E+02  0.246440E+00
 0.443700E-01  0.212691E+02  0.247724E+00
 0.454690E-01  0.205553E+02  0.249289E+00
 0.465679E-01  0.199061E+02  0.250504E+00
 0.476668E-01  0.193660E+02  0.251753E+00
 0.487658E-01  0.187189E+02  0.253667E+00
 0.498647E-01  0.180605E+02  0.255381E+00
 0.509637E-01  0.173781E+02  0.256599E+00
 0.520626E-01  0.166952E+02  0.258267E+00
 0.531616E-01  0.162946E+02  0.259437E+00
 0.542605E-01  0.156602E+02  0.260565E+00
 0.553595E-01  0.150294E+02  0.261921E+00
 0.564584E-01  0.144839E+02  0.262687E+00
 0.575574E-01  0.139256E+02  0.263745E+00
 0.586563E-01  0.130824E+02  0.187717E+00
 0.597553E-01  0.127900E+02  0.142236E+00
 0.608542E-01  0.123568E+02  0.141525E+00
 0.619532E-01  0.118865E+02  0.142246E+00
 0.630521E-01  0.113938E+02  0.142781E+00
 0.641511E-01  0.109508E+02  0.143328E+00
 0.652500E-01  0.104576E+02  0.143830E+00
 0.663490E-01  0.997999E+01  0.144421E+00
 0.674479E-01  0.953476E+01  0.144873E+00
 0.685468E-01  0.917699E+01  0.145415E+00
 0.696458E-01  0.882547E+01  0.145930E+00
 0.707447E-01  0.848003E+01  0.146480E+00
 0.718437E-01  0.808409E+01  0.146833E+00
 0.729426E-01  0.777933E+01  0.147274E+00
 0.740416E-01  0.741559E+01  0.147848E+00
 0.751405E-01  0.708061E+01  0.148290E+00
 0.762395E-01  0.677731E+01  0.148804E+00
 0.773384E-01  0.646390E+01  0.149254E+00
 0.784374E-01  0.621638E+01  0.149689E+00
 0.795363E-01  0.592986E+01  0.150271E+00
 0.806353E-01  0.564828E+01  0.150555E+00
 0.817342E-01  0.540203E+01  0.150943E+00
 0.828332E-01  0.519721E+01  0.151360E+00
 0.839321E-01  0.495868E+01  0.151749E+00
 0.850311E-01  0.477577E+01  0.152140E+00
 0.861300E-01  0.460346E+01  0.152662E+00
 0.872290E-01  0.437150E+01  0.152800E+00
 0.883279E-01  0.417520E+01  0.153263E+00
 0.894268E-01  0.400882E+01  0.153508E+00
 0.905258E-01  0.385430E+01  0.153913E+00
 0.916247E-01  0.370173E+01  0.154120E+00
 0.927237E-01  0.356447E+01  0.154499E+00
 0.938226E-01  0.344457E+01  0.154813E+00
 0.949216E-01  0.332799E+01  0.155130E+00
 0.960205E-01  0.321968E+01  0.155356E+00
 0.971195E-01  0.312455E+01  0.155573E+00
 0.982184E-01  0.299372E+01  0.155775E+00
 0.993174E-01  0.288092E+01  0.155929E+00
 0.100416E+00  0.278533E+01  0.156111E+00
 0.101515E+00  0.270017E+01  0.156409E+00
 0.102614E+00  0.259097E+01  0.156761E+00
 0.103713E+00  0.248649E+01  0.157068E+00
 0.104812E+00  0.241818E+01  0.157242E+00
 0.105911E+00  0.239377E+01  0.166958E+00
 0.107010E+00  0.234670E+01  0.108683E+00
 0.108109E+00  0.226803E+01  0.108942E+00
 0.109208E+00  0.219474E+01  0.109033E+00
 0.110307E+00  0.213123E+01  0.109326E+00
 0.111406E+00  0.207153E+01  0.109443E+00
 0.112505E+00  0.203286E+01  0.109536E+00
 0.113604E+00  0.198138E+01  0.109812E+00
 0.114703E+00  0.192670E+01  0.110014E+00
 0.115802E+00  0.188753E+01  0.110218E+00
 0.116901E+00  0.180218E+01  0.110426E+00
 0.117999E+00  0.175427E+01  0.110516E+00
 0.119098E+00  0.170316E+01  0.110616E+00
 0.120197E+00  0.165453E+01  0.110813E+00
 0.121296E+00  0.161339E+01  0.110980E+00
 0.122395E+00  0.157698E+01  0.111202E+00
 0.123494E+00  0.154815E+01  0.111415E+00
 0.124593E+00  0.149360E+01  0.111586E+00
 0.125692E+00  0.145379E+01  0.111601E+00
 0.126791E+00  0.141900E+01  0.111804E+00
 0.127890E+00  0.138241E+01  0.111919E+00
 0.128989E+00  0.133289E+01  0.112108E+00
 0.130088E+00  0.128526E+01  0.112227E+00
 0.131187E+00  0.125238E+01  0.112287E+00
 0.132286E+00  0.123280E+01  0.112546E+00
 0.133385E+00  0.120746E+01  0.112475E+00
 0.134484E+00  0.115321E+01  0.112606E+00
 0.135583E+00  0.111340E+01  0.112822E+00
 0.136682E+00  0.107680E+01  0.112967E+00
 0.137781E+00  0.103077E+01  0.113122E+00
 0.138879E+00  0.101163E+01  0.113078E+00
 0.139978E+00  0.974645E+00  0.113222E+00
 0.141077E+00  0.934851E+00  0.113315E+00
 0.142176E+00  0.912198E+00  0.113519E+00
 0.143275E+00  0.877761E+00  0.113570E+00
 0.144374E+00  0.848873E+00  0.113676E+00
 0.145473E+00  0.814364E+00  0.113769E+00
 0.146572E+00  0.782306E+00  0.113827E+00
 0.147671E+00  0.756719E+00  0.113897E+00
 0.148770E+00  0.732596E+00  0.114076E+00
 0.149869E+00  0.703962E+00  0.114138E+00
 0.150968E+00  0.682834E+00  0.114192E+00
 0.152067E+00  0.657376E+00  0.114240E+00
 0.153166E+00  0.630951E+00  0.114317E+00
 0.154265E+00  0.611399E+00  0.114554E+00
 0.155364E+00  0.575928E+00  0.114616E+00
 0.156463E+00  0.561245E+00  0.114600E+00
 0.157562E+00  0.538119E+00  0.114634E+00
 0.158661E+00  0.520460E+00  0.114825E+00
 0.159759E+00  0.481861E+00  0.114701E+00
 0.160858E+00  0.464424E+00  0.114857E+00
 0.161957E+00  0.459284E+00  0.114970E+00
 0.163056E+00  0.445582E+00  0.114990E+00
 0.164155E+00  0.428530E+00  0.115171E+00
 0.165254E+00  0.408731E+00  0.115214E+00
 0.166353E+00  0.394625E+00  0.115369E+00
 0.167452E+00  0.373557E+00  0.115313E+00
 0.168551E+00  0.356867E+00  0.115363E+00
 0.169650E+00  0.350460E+00  0.115453E+00
 0.170749E+00  0.334009E+00  0.115563E+00
 0.171848E+00  0.314484E+00  0.115605E+00
 0.172947E+00  0.305250E+00  0.115600E+00
 0.174046E+00  0.301821E+00  0.115643E+00
 0.175145E+00  0.276312E+00  0.115784E+00
 0.176244E+00  0.271986E+00  0.115741E+00
 0.177343E+00  0.245628E+00  0.115877E+00
 0.178442E+00  0.237375E+00  0.115895E+00
 0.179541E+00  0.236246E+00  0.116046E+00
 0.180639E+00  0.219936E+00  0.115943E+00
 0.181738E+00  0.218333E+00  0.115996E+00
 0.182837E+00  0.227774E+00  0.116196E+00
 0.183936E+00  0.206999E+00  0.116252E+00
 0.185035E+00  0.202236E+00  0.116288E+00
 0.186134E+00  0.208777E+00  0.116407E+00
 0.187233E+00  0.195490E+00  0.116307E+00
 0.188332E+00  0.197085E+00  0.116290E+00
 0.189431E+00  0.190925E+00  0.116257E+00
 0.190530E+00  0.193428E+00  0.116327E+00
 0.191629E+00  0.184038E+00  0.116399E+00
 0.192728E+00  0.183060E+00  0.116457E+00
 0.193827E+00  0.191617E+00  0.116489E+00
 0.194926E+00  0.178859E+00  0.116514E+00
 0.196025E+00  0.179610E+00  0.116484E+00
 0.197124E+00  0.169915E+00  0.116417E+00
 0.198223E+00  0.166691E+00  0.116462E+00
 0.199322E+00  0.169739E+00  0.116444E+00
 0.200421E+00  0.175621E+00  0.116611E+00
 0.201519E+00  0.173748E+00  0.116550E+00
 0.202618E+00  0.167827E+00  0.116517E+00
 0.203717E+00  0.177950E+00  0.116440E+00
 0.204816E+00  0.182306E+00  0.116526E+00
 0.205915E+00  0.176411E+00  0.116458E+00
 0.207014E+00  0.165541E+00  0.116483E+00
 0.208113E+00  0.172556E+00  0.116523E+00
 0.209212E+00  0.176411E+00  0.116608E+00
 0.210311E+00  0.174666E+00  0.116534E+00
 0.211410E+00  0.180474E+00  0.116548E+00
 0.212509E+00  0.169122E+00  0.116562E+00
 0.213608E+00  0.176729E+00  0.116604E+00
 0.214707E+00  0.168332E+00  0.116507E+00
 0.215806E+00  0.176979E+00  0.116504E+00
 0.216905E+00  0.186023E+00  0.116534E+00
 0.218004E+00  0.183248E+00  0.116623E+00
 0.219103E+00  0.185708E+00  0.116539E+00
 0.220202E+00  0.186013E+00  0.116514E+00
 0.221301E+00  0.178164E+00  0.116606E+00
 0.222399E+00  0.176522E+00  0.116383E+00
 0.223498E+00  0.183906E+00  0.116459E+00
 0.224597E+00  0.190836E+00  0.116487E+00
 0.225696E+00  0.193511E+00  0.116451E+00
 0.226795E+00  0.192558E+00  0.116499E+00
 0.227894E+00  0.189505E+00  0.116474E+00
 0.228993E+00  0.195830E+00  0.116331E+00
 0.230092E+00  0.190534E+00  0.116382E+00
 0.231191E+00  0.201399E+00  0.116401E+00
 0.232290E+00  0.204167E+00  0.116378E+00
 0.233389E+00  0.210298E+00  0.116440E+00
 0.234488E+00  0.195191E+00  0.116323E+00
 0.235587E+00  0.189939E+00  0.116383E+00
---------C:\kurs\NgoPII\A_c4_sub.dat-------------------
 29-Nov-2007       (131_WP2_A.dat   - 1.000 *133_WPbuffer_A.) /  1.0000                                                                                                                                                                                         
131_WP2_A.da  Conc = .10E+01  Mult = .10E+01  N1 =    1  N2 =  201  SCALE =  1                                                                                                                                                                                  
 uffer_A.dat  Conc = .10E+01  Mult = .10E+01  N1 =    1  N2 =  201  SCALE =  1                                                                                                                                                                                  
---------C:\kurs\NgoPII\B_c1_sub.dat-------------------
 29-Nov-2007       (128_WP1_B.dat   - 1.000 *131_WPbuffer_B.) /  1.0000                                                                                                                                                                                         
128_WP1_B.da  Conc = .10E+01  Mult = .10E+01  N1 =    1  N2 =  201  SCALE =  1                                                                                                                                                                                  
 uffer_B.dat  Conc = .10E+01  Mult = .10E+01  N1 =    1  N2 =  201  SCALE =  1                                                                                                                                                                                  