HMMER2.0  [2.3.2]
NAME  Alpha_GJ
ACC   PF03229.5
DESC  Alphavirus glycoprotein J
LENG  130
ALPH  Amino
RF    no
CS    no
MAP   yes
COM   hmmbuild -F HMM_ls.ann SEED.ann
COM   hmmcalibrate --seed 0 HMM_ls.ann
NSEQ  4
DATE  Tue Apr 22 17:27:06 2008
CKSUM 6346
GA    25.0000 25.0000;
TC    145.9000 145.9000;
NC    4.0000 4.0000;
XT      -8455     -4  -1000  -1000  -8455     -4  -8455     -4 
NULT      -4  -8455
NULE     595  -1558     85    338   -294    453  -1158    197    249    902  -1085   -142    -21   -313     45    531    201    384  -1998   -644 
EVD   -50.929424   0.229896
HMM        A      C      D      E      F      G      H      I      K      L      M      N      P      Q      R      S      T      V      W      Y    
         m->m   m->i   m->d   i->m   i->i   d->m   d->d   b->m   m->e
         -585      *  -1585
     1   -965   -982  -2125  -1844   -276  -2022  -1302    373  -1390    610   4141  -1701  -2229  -1356  -1425  -1444  -1028    126  -1279   -880     1
     -   -149   -500    233     43   -381    399    106   -626    210   -466   -720    275    394     45     96    359    117   -369   -294   -249 
     -    -33  -6045  -7087   -894  -1115   -701  -1378   -585      * 
     2  -1181  -1614  -1431   -903  -2066  -1632   -446  -1944    559  -1867  -1326   -899  -1873   -156   3432  -1225  -1148  -1717  -1746  -1529     2
     -   -149   -500    233     43   -381    399    106   -626    210   -466   -720    275    394     45     96    359    117   -369   -294   -249 
     -    -33  -6045  -7087   -894  -1115   -701  -1378      *      * 
     3    116   -498   -840   -867  -1751   -671   -949  -1625   -916  -1896  -1218   -622  -1304   -824  -1097   2786   -220  -1038  -1992  -1530     3
     -   -149   -500    233     43   -381    399    106   -626    210   -466   -720    275    394     45     96    359    117   -369   -294   -249 
     -    -33  -6045  -7087   -894  -1115   -701  -1378      *      * 
     4  -1369  -1199  -2542  -2295   -129  -2453  -1603    488  -1867   2607    742  -2168  -2539  -1724  -1835  -1992  -1384    130  -1284   -897     4
     -   -149   -500    233     43   -381    399    106   -626    210   -466   -720    275    394     45     96    359    117   -369   -294   -249 
     -    -33  -6045  -7087   -894  -1115   -701  -1378      *      * 
     5   -455   -677  -1357  -1001   -375  -1565   -713    197   -702   1862    453   -970    779   -664   -865   -795   -498    109  -1115   -689     5
     -   -149   -500    233     43   -381    399    106   -626    210   -466   -720    275    394     45     96    359    117   -369   -294   -249 
     -    -33  -6045  -7087   -894  -1115   -701  -1378      *      * 
     6  -1602  -1340  -2512  -2455   3740  -2315   -379   -478  -2225   -175   -190  -1874  -2503  -1781  -2079  -1892  -1647   -683    210   1257     6
     -   -149   -500    233     43   -381    399    106   -626    210   -466   -720    275    394     45     96    359    117   -369   -294   -249 
     -    -33  -6045  -7087   -894  -1115   -701  -1378      *      * 
     7   -700   -665  -2337  -2135   -873  -1965  -1727   1107  -1863   -105     22  -1851  -2286  -1794  -1920  -1368   -823   2927  -1816  -1362     7
     -   -149   -500    233     43   -381    399    106   -626    210   -466   -720    275    394     45     96    359    117   -369   -294   -249 
     -    -33  -6045  -7087   -894  -1115   -701  -1378      *      * 
     8   -700   -665  -2337  -2135   -873  -1965  -1727   1107  -1863   -105     22  -1851  -2286  -1794  -1920  -1368   -823   2927  -1816  -1362     8
     -   -149   -500    233     43   -381    399    106   -626    210   -466   -720    275    394     45     96    359    117   -369   -294   -249 
     -    -33  -6045  -7087   -894  -1115   -701  -1378      *      * 
     9    245   2791  -1648  -1492  -1669   2468  -1171  -1245  -1305  -1628   -915   -906  -1280  -1137  -1380     -7    -99   -726  -1916  -1652     9
     -   -149   -500    233     43   -381    399    106   -626    210   -466   -720    275    394     45     96    359    117   -369   -294   -249 
     -    -33  -6045  -7087   -894  -1115   -701  -1378      *      * 
    10   2806   -444  -1270  -1265  -1732   -744  -1182  -1034  -1212  -1545  -1010   -869  -1380  -1102  -1325   -156   -259   -640  -2039  -1721    10
     -   -149   -500    233     43   -381    399    106   -626    210   -466   -720    275    394     45     96    359    117   -369   -294   -249 
     -    -33  -6045  -7087   -894  -1115   -701  -1378      *      * 
    11  -1926  -1577  -2416  -2370    192  -2070   -795  -1602  -1882  -1347  -1210  -2018  -2383  -1854  -1777  -2150  -1992  -1643   5696    560    11
     -   -149   -500    233     43   -381    399    106   -626    210   -466   -720    275    394     45     96    359    117   -369   -294   -249 
     -    -33  -6045  -7087   -894  -1115   -701  -1378      *      * 
    12   -700   -665  -2337  -2135   -873  -1965  -1727   1107  -1863   -105     22  -1851  -2286  -1794  -1920  -1368   -823   2927  -1816  -1362    12
     -   -149   -500    233     43   -381    399    106   -626    210   -466   -720    275    394     45     96    359    117   -369   -294   -249 
     -    -33  -6045  -7087   -894  -1115   -701  -1378      *      * 
    13   1427   -355  -1081   -628   -740  -1097   -460    101   -426    434    144   -571  -1415   -332   -676   -245    954    248  -1201   -790    13
     -   -149   -500    233     43   -381    399    106   -626    210   -466   -720    275    394     45     96    359    117   -369   -294   -249 
     -    -33  -6045  -7087   -894  -1115   -701  -1378      *      * 
    14   2806   -444  -1270  -1265  -1732   -744  -1182  -1034  -1212  -1545  -1010   -869  -1380  -1102  -1325   -156   -259   -640  -2039  -1721    14
     -   -149   -500    233     43   -381    399    106   -626    210   -466   -720    275    394     45     96    359    117   -369   -294   -249 
     -    -33  -6045  -7087   -894  -1115   -701  -1378      *      * 
    15   1228   -379  -1694  -1193   -465  -1644   -816    855   -960    815    466  -1093  -1817   -810  -1131   -770   -309   1432  -1162   -781    15
     -   -149   -500    233     43   -381    399    106   -626    210   -466   -720    275    394     45     96    359    117   -369   -294   -249 
     -    -33  -6045  -7087   -894  -1115   -701  -1378      *      * 
    16   -700   -665  -2337  -2135   -873  -1965  -1727   1107  -1863   -105     22  -1851  -2286  -1794  -1920  -1368   -823   2927  -1816  -1362    16
     -   -149   -500    233     43   -381    399    106   -626    210   -466   -720    275    394     45     96    359    117   -369   -294   -249 
     -    -33  -6045  -7087   -894  -1115   -701  -1378      *      * 
    17   1205   -266  -1113   -908  -1531   -628   -838   -784   -782  -1310   -641   -593  -1217   -672   -981     83   2469   -386  -1869  -1491    17
     -   -149   -500    233     43   -381    399    106   -626    210   -466   -720    275    394     45     96    359    117   -369   -294   -249 
     -    -33  -6045  -7087   -894  -1115   -701  -1378      *      * 
    18   -335  -1591   1753    636  -1482  -1015     97  -1521    281  -1569   -774   1341  -1270    448   -252   -216   -309  -1178  -1648   1185    18
     -   -149   -500    233     43   -381    399    106   -626    210   -466   -720    275    394     45     96    359    117   -369   -294   -249 
     -    -33  -6045  -7087   -894  -1115   -701  -1378      *      * 
    19  -1369  -1199  -2542  -2295   -129  -2453  -1603    488  -1867   2607    742  -2168  -2539  -1724  -1835  -1992  -1384    130  -1284   -897    19
     -   -149   -500    233     43   -381    399    106   -626    210   -466   -720    275    394     45     96    359    117   -369   -294   -249 
     -    -33  -6045  -7087   -894  -1115   -701  -1378      *      * 
    20   1194   -269   -985   -685  -1562   -579   -667  -1127   -590  -1430   -649   -450  -1142   -455   -855   1177   1957   -617  -1818  -1422    20
     -   -149   -500    233     43   -381    399    106   -626    210   -466   -720    275    394     45     96    359    117   -369   -294   -249 
     -    -33  -6045  -7087   -894  -1115   -701  -1378      *      * 
    21   1205   -418   -782   -679  -1718   -648   -777  -1243   -678  -1567   -869   -491   2610   -578   -914     25    -80   -754  -1964  -1569    21
     -   -149   -500    233     43   -381    399    106   -626    210   -466   -720    275    394     45     96    359    117   -369   -294   -249 
     -    -33  -6045  -7087   -894  -1115   -701  -1378      *      * 
    22   -372  -1823   1399    702  -2111   -993    111  -1864   1620  -1830   -985   1339  -1255    520    -84   -210   -341  -1444  -2016  -1308    22
     -   -149   -500    233     43   -381    399    106   -626    210   -466   -720    275    394     45     96    359    117   -369   -294   -249 
     -    -33  -6045  -7087   -894  -1115   -701  -1378      *      * 
    23   2806   -444  -1270  -1265  -1732   -744  -1182  -1034  -1212  -1545  -1010   -869  -1380  -1102  -1325   -156   -259   -640  -2039  -1721    23
     -   -149   -500    233     43   -381    399    106   -626    210   -466   -720    275    394     45     96    359    117   -369   -294   -249 
     -    -33  -6045  -7087   -894  -1115   -701  -1378      *      * 
    24   2806   -444  -1270  -1265  -1732   -744  -1182  -1034  -1212  -1545  -1010   -869  -1380  -1102  -1325   -156   -259   -640  -2039  -1721    24
     -   -149   -500    233     43   -381    399    106   -626    210   -466   -720    275    394     45     96    359    117   -369   -294   -249 
     -    -33  -6045  -7087   -894  -1115   -701  -1378      *      * 
    25  -1369  -1199  -2542  -2295   -129  -2453  -1603    488  -1867   2607    742  -2168  -2539  -1724  -1835  -1992  -1384    130  -1284   -897    25
     -   -149   -500    233     43   -381    399    106   -626    210   -466   -720    275    394     45     96    359    117   -369   -294   -249 
     -    -33  -6045  -7087   -894  -1115   -701  -1378      *      * 
    26   2806   -444  -1270  -1265  -1732   -744  -1182  -1034  -1212  -1545  -1010   -869  -1380  -1102  -1325   -156   -259   -640  -2039  -1721    26
     -   -149   -500    233     43   -381    399    106   -626    210   -466   -720    275    394     45     96    359    117   -369   -294   -249 
     -    -33  -6045  -7087   -894  -1115   -701  -1378      *      * 
    27    321   -311   -892   -702  -1616   -590   -720  -1171   -620  -1503   -752   -467  -1173   -521   -855   1233   2402   -662  -1880  -1467    27
     -   -149   -500    233     43   -381    399    106   -626    210   -466   -720    275    394     45     96    359    117   -369   -294   -249 
     -    -33  -6045  -7087   -894  -1115   -701  -1378      *      * 
    28   -496  -1530   1655    416  -2298   2219   -376  -2116   -395  -2195  -1457    127  -1391    -68   -956   -424   -632  -1632  -2306  -1703    28
     -   -149   -500    233     43   -381    399    106   -626    210   -466   -720    275    394     45     96    359    117   -369   -294   -249 
     -    -33  -6045  -7087   -894  -1115   -701  -1378      *      * 
    29   1097   -360   -811   -479  -1442   -672   -513   -975   -384  -1280   -520   -363    890   -277   -684    106   1903   -544  -1698  -1274    29
     -   -149   -500    233     43   -381    399    106   -626    210   -466   -720    275    394     45     96    359    117   -369   -294   -249 
     -   -269  -6045  -2690   -894  -1115   -701  -1378      *      * 
    30    122   -630    -68     80  -1410   -719   -193  -1004     52  -1284   -549   1377  -1150     90   -282     22   1858   -627  -1614  -1087    30
     -   -149   -500    233     43   -381    399    106   -626    210   -466   -720    275    394     45     96    359    117   -369   -294   -249 
     -   -282  -5814  -2648   -894  -1115   -946  -1056      *      * 
    31   1392   -194   -420   -256  -1291   -445   -365   -773   -227  -1113   -427   -149   1391   -146   -493    262    189   -361  -1556  -1131    31
     -   -149   -500    233     43   -381    399    106   -626    210   -466   -720    275    394     45     96    359    117   -369   -294   -249 
     -    -46  -5578  -6620   -894  -1115   -486  -1807      *      * 
    32    -52   -555  -1173  -1112  -1571   -872  -1041   -862   -950  -1353   -866   -843  -1455   -937  -1084   -285   3069   -557  -1898  -1539    32
     -   -149   -500    233     43   -381    399    106   -626    210   -466   -720    275    394     45     96    359    117   -369   -294   -249 
     -    -33  -6045  -7087   -894  -1115   -701  -1378      *      * 
    33   1550   -319  -1682  -1349   -943  -1196  -1056    640  -1148   -429    -15  -1053  -1633  -1010  -1299   -443   -225   1961  -1585  -1192    33
     -   -149   -500    233     43   -381    399    106   -626    210   -466   -720    275    394     45     96    359    117   -369   -294   -249 
     -    -33  -6045  -7087   -894  -1115   -701  -1378      *      * 
    34   1978   -285   -940   -874  -1896   1735   -934  -1494   -940  -1807  -1027   -546  -1163   -758  -1152    148      9   -854  -2118  -1766    34
     -   -149   -500    233     43   -381    399    106   -626    210   -466   -720    275    394     45     96    359    117   -369   -294   -249 
     -    -33  -6045  -7087   -894  -1115   -701  -1378      *      * 
    35   2066   -298  -1498  -1194  -1075   -968   -963    251  -1004   -632   -171   -880  -1468   -875  -1173   -229   -131   1292  -1641  -1246    35
     -   -149   -500    233     43   -381    399    106   -626    210   -466   -720    275    394     45     96    359    117   -369   -294   -249 
     -    -33  -6045  -7087   -894  -1115   -701  -1378      *      * 
    36   2309   -276   -976   -903  -1868   1140   -941  -1455   -951  -1778  -1003   -560  -1166   -771  -1155    146     12   -828  -2098  -1749    36
     -   -149   -500    233     43   -381    399    106   -626    210   -466   -720    275    394     45     96    359    117   -369   -294   -249 
     -    -33  -6045  -7087   -894  -1115   -701  -1378      *      * 
    37   -637  -1349     -5   -148  -1773  -1078   -624  -1965   -499  -2112  -1514   3456  -1574   -435   -810   -661   -818  -1560  -1900  -1327    37
     -   -149   -500    233     43   -381    399    106   -626    210   -466   -720    275    394     45     96    359    117   -369   -294   -249 
     -    -33  -6045  -7087   -894  -1115   -701  -1378      *      * 
    38    983   -284  -1010   -561   -991   -828   -443   -407   -411   -825   -111   -449  -1242   -280   -690    937   1175    885  -1337   -927    38
     -   -149   -500    233     43   -381    399    106   -626    210   -466   -720    275    394     45     96    359    117   -369   -294   -249 
     -    -33  -6045  -7087   -894  -1115   -701  -1378      *      * 
    39    321   -311   -892   -702  -1616   -590   -720  -1171   -620  -1503   -752   -467  -1173   -521   -855   1233   2402   -662  -1880  -1467    39
     -   -149   -500    233     43   -381    399    106   -626    210   -466   -720    275    394     45     96    359    117   -369   -294   -249 
     -    -33  -6045  -7087   -894  -1115   -701  -1378      *      * 
    40   2221   -238  -1166   -961  -1569   -595   -873   -847   -841  -1361   -677   -607  -1199   -713  -1033    113   1361   -421  -1900  -1532    40
     -   -149   -500    233     43   -381    399    106   -626    210   -466   -720    275    394     45     96    359    117   -369   -294   -249 
     -   -804  -6045  -1278   -894  -1115   -701  -1378      *      * 
    41   1775    -52   -480   -438   -951   -371   -448   -142   -363   -685   -238   -242   -936   -327   -531    228    177    114  -1338   -931    41
     -   -149   -500    233     43   -381    399    106   -626    210   -466   -720    275    394     45     96    359    117   -369   -294   -249 
     -    -56  -5296  -6338   -894  -1115   -957  -1044      *      * 
    42    184   -585    114    239  -1311   -635    -62   -903    195  -1188   -462   1570  -1058    225   -141     97   1256   -540  -1511   -969    42
     -   -149   -500    233     43   -381    399    106   -626    210   -466   -720    275    394     45     96    359    117   -369   -294   -249 
     -    -46  -5578  -6620   -894  -1115  -1130   -881      *      * 
    43   1483    -50   -550   -414  -1378   -310   -474   -906   -397  -1267   -526   -187   -905   -279   -634   1477    287   -396  -1650  -1229    43
     -   -149   -500    233     43   -381    399    106   -626    210   -466   -720    275    394     45     96    359    117   -369   -294   -249 
     -    -46  -5578  -6620   -894  -1115  -1130   -881      *      * 
    44    489   -150   -418   -292  -1378   1152   -407   -910   -290  -1249   -517   -150   -947   -197   -544    307   1608   -435  -1614  -1203    44
     -   -149   -500    233     43   -381    399    106   -626    210   -466   -720    275    394     45     96    359    117   -369   -294   -249 
     -    -46  -5578  -6620   -894  -1115  -1130   -881      *      * 
    45   1210   -150  -1212   -894   -742   -913   -703    698   -695   -226    174   -680  -1349   -599   -883   -157     10   1588  -1363   -947    45
     -   -149   -500    233     43   -381    399    106   -626    210   -466   -720    275    394     45     96    359    117   -369   -294   -249 
     -    -46  -5578  -6620   -894  -1115  -1130   -881      *      * 
    46   2252   -163   -750   -702  -1222   -480   -681   -450   -636   -985   -488   -439  -1071   -566   -794    128     58   -140  -1578  -1200    46
     -   -149   -500    233     43   -381    399    106   -626    210   -466   -720    275    394     45     96    359    117   -369   -294   -249 
     -    -46  -5578  -6620   -894  -1115  -1130   -881      *      * 
    47   -195   -922    334    247  -1266   -719   -170  -1338      5  -1534   -926   2778  -1185     34   -302   -228   -352   -981  -1448   -843    47
     -   -149   -500    233     43   -381    399    106   -626    210   -466   -720    275    394     45     96    359    117   -369   -294   -249 
     -    -46  -5578  -6620   -894  -1115  -1130   -881      *      * 
    48   1483    -50   -550   -414  -1378   -310   -474   -906   -397  -1267   -526   -187   -905   -279   -634   1477    287   -396  -1650  -1229    48
     -   -149   -500    233     43   -381    399    106   -626    210   -466   -720    275    394     45     96    359    117   -369   -294   -249 
     -    -46  -5578  -6620   -894  -1115  -1130   -881      *      * 
    49    250   -258   -701   -596  -1102   -595   -569   -333   -424   -841   -371   -419  -1135   -432   -594     25   2416    -81  -1473  -1065    49
     -   -149   -500    233     43   -381    399    106   -626    210   -466   -720    275    394     45     96    359    117   -369   -294   -249 
     -    -46  -5578  -6620   -894  -1115  -1130   -881      *      * 
    50   1082   -982   1601    612  -1581   -672     13  -1119    122  -1394   -670    358  -1080    336   -375     -7   -121   -768  -1742  -1122    50
     -   -149   -500    233     43   -381    399    106   -626    210   -466   -720    275    394     45     96    359    117   -369   -294   -249 
     -    -46  -5578  -6620   -894  -1115  -1130   -881      *      * 
    51   2252   -163   -750   -702  -1222   -480   -681   -450   -636   -985   -488   -439  -1071   -566   -794    128     58   -140  -1578  -1200    51
     -   -149   -500    233     43   -381    399    106   -626    210   -466   -720    275    394     45     96    359    117   -369   -294   -249 
     -    -46  -5578  -6620   -894  -1115   -794  -1241      *      * 
    52   -127  -1099    259   1137  -1319   -990    142   -869    433  -1101   -341   1239  -1198    493     -2   -108   -103    497  -1466   -883    52
     -   -149   -500    233     43   -381    399    106   -626    210   -466   -720    275    394     45     96    359    117   -369   -294   -249 
     -    -39  -5814  -6856   -894  -1115   -566  -1623      *      * 
    53   1063   -415   -713   -322  -1485   -674   -402  -1117   -237  -1337   -536   -269    832   -126   -583   1060   1241   -648  -1696  -1246    53
     -   -149   -500    233     43   -381    399    106   -626    210   -466   -720    275    394     45     96    359    117   -369   -294   -249 
     -    -33  -6045  -7087   -894  -1115   -701  -1378      *      * 
    54   1299   -263  -1116   -904  -1528   -625   -832   -790   -778  -1310   -636   -589  -1214   -665   -980     87   2411   -389  -1863  -1485    54
     -   -149   -500    233     43   -381    399    106   -626    210   -466   -720    275    394     45     96    359    117   -369   -294   -249 
     -    -33  -6045  -7087   -894  -1115   -701  -1378      *      * 
    55   1336   -262   -951   -821  -1813   -507   -854  -1413   -811  -1725   -944   -503  -1138   -660  -1034   2270     55   -791  -2059  -1665    55
     -   -149   -500    233     43   -381    399    106   -626    210   -466   -720    275    394     45     96    359    117   -369   -294   -249 
     -   -269  -6045  -2690   -894  -1115   -701  -1378      *      * 
    56    842   -782    -85    268  -1149   -909   1775   -850    360  -1022   -257     83    610    380    -17    -19     -1   -550  -1340   -791    56
     -   -149   -500    233     43   -381    399    106   -626    210   -466   -720    275    394     45     96    359    117   -369   -294   -249 
     -    -39  -5814  -6856   -894  -1115   -566  -1623      *      * 
    57    277   -365   -800   -738  -1853   2249   -846  -1445   -786  -1755   -996   -498  -1197   -654  -1012     86   1407   -856  -2066  -1690    57
     -   -149   -500    233     43   -381    399    106   -626    210   -466   -720    275    394     45     96    359    117   -369   -294   -249 
     -    -33  -6045  -7087   -894  -1115   -701  -1378      *      * 
    58   1188   -797    970    145  -1203  -1024   -109   -486     83   -956   -249    -46  -1286    198   -345   -138    -89    734  -1469   -942    58
     -   -149   -500    233     43   -381    399    106   -626    210   -466   -720    275    394     45     96    359    117   -369   -294   -249 
     -    -33  -6045  -7087   -894  -1115   -701  -1378      *      * 
    59   1587   -733   -111    -24  -1711   -754   -375  -1341   -187  -1594   -833   2103  -1234    -85   -553    -41   -143   -886  -1890  -1356    59
     -   -149   -500    233     43   -381    399    106   -626    210   -466   -720    275    394     45     96    359    117   -369   -294   -249 
     -    -33  -6045  -7087   -894  -1115   -701  -1378      *      * 
    60   2330   -275   -979   -906  -1867   1089   -943  -1452   -953  -1776  -1002   -562  -1166   -774  -1156    145     11   -826  -2097  -1749    60
     -   -149   -500    233     43   -381    399    106   -626    210   -466   -720    275    394     45     96    359    117   -369   -294   -249 
     -    -33  -6045  -7087   -894  -1115   -701  -1378      *      * 
    61    -52   -555  -1173  -1112  -1571   -872  -1041   -862   -950  -1353   -866   -843  -1455   -937  -1084   -285   3069   -557  -1898  -1539    61
     -   -149   -500    233     43   -381    399    106   -626    210   -466   -720    275    394     45     96    359    117   -369   -294   -249 
     -    -33  -6045  -7087   -894  -1115   -701  -1378      *      * 
    62   1336   -262   -951   -821  -1813   -507   -854  -1413   -811  -1725   -944   -503  -1138   -660  -1034   2270     55   -791  -2059  -1665    62
     -   -149   -500    233     43   -381    399    106   -626    210   -466   -720    275    394     45     96    359    117   -369   -294   -249 
     -    -33  -6045  -7087   -894  -1115   -701  -1378      *      * 
    63   2806   -444  -1270  -1265  -1732   -744  -1182  -1034  -1212  -1545  -1010   -869  -1380  -1102  -1325   -156   -259   -640  -2039  -1721    63
     -   -149   -500    233     43   -381    399    106   -626    210   -466   -720    275    394     45     96    359    117   -369   -294   -249 
     -   -236  -6045  -2878   -894  -1115   -701  -1378      *      * 
    64    789  -1146   1393    563  -1695   -820     48  -1359    252  -1483   -678    295    804    414   -253    -32   -125   -967  -1777  -1150    64
     -   -149   -500    233     43   -381    399    106   -626    210   -466   -720    275    394     45     96    359    117   -369   -294   -249 
     -    -38  -5846  -6888   -894  -1115   -917  -1088      *      * 
    65   1120   -196  -1187   -772   -845   -906   -579    286   -589   -515     61   -600  -1318   -464   -816   -102   1204   1270  -1316   -920    65
     -   -149   -500    233     43   -381    399    106   -626    210   -466   -720    275    394     45     96    359    117   -369   -294   -249 
     -    -38  -5846  -6888   -894  -1115   -917  -1088      *      * 
    66    293   -221   -881   -508   -970    806   -420   -263   -368   -769    -90   -387  -1178   -256   -631     59   1251   1039  -1333   -919    66
     -   -149   -500    233     43   -381    399    106   -626    210   -466   -720    275    394     45     96    359    117   -369   -294   -249 
     -    -38  -5846  -6888   -894  -1115   -917  -1088      *      * 
    67    444   -244   -608   -382  -1588   1015   -492  -1238   -378  -1467   -661   -235  -1024   -245   -680   1325   1348   -670  -1796  -1372    67
     -   -149   -500    233     43   -381    399    106   -626    210   -466   -720    275    394     45     96    359    117   -369   -294   -249 
     -    -38  -5846  -6888   -894  -1115   -917  -1088      *      * 
    68    275   -360   -593   -365  -1368   -633   -442   -868   -268  -1188   -492   -282   1081   -214   -539    100   2076   -478  -1628  -1198    68
     -   -149   -500    233     43   -381    399    106   -626    210   -466   -720    275    394     45     96    359    117   -369   -294   -249 
     -    -38  -5846  -6888   -894  -1115   -917  -1088      *      * 
    69   -139   -465  -1008   -640   -575  -1248   -492   1410   -414   -128    255   -633   1702   -374   -642   -442   -209    426  -1153   -697    69
     -   -149   -500    233     43   -381    399    106   -626    210   -466   -720    275    394     45     96    359    117   -369   -294   -249 
     -    -38  -5846  -6888   -894  -1115   -917  -1088      *      * 
    70   1958   -271   -680   -502  -1482   -536   -572   -990   -468  -1322   -609   -334   1171   -363   -724    171     88   -533  -1742  -1336    70
     -   -149   -500    233     43   -381    399    106   -626    210   -466   -720    275    394     45     96    359    117   -369   -294   -249 
     -    -38  -5846  -6888   -894  -1115   -917  -1088      *      * 
    71   1384   -174   -940   -714  -1366   -541   -663   -607   -590  -1136   -471   -446  -1111   -487   -805    180   2060   -232  -1705  -1316    71
     -   -149   -500    233     43   -381    399    106   -626    210   -466   -720    275    394     45     96    359    117   -369   -294   -249 
     -    -38  -5846  -6888   -894  -1115   -581  -1594      *      * 
    72   -693  -2201   2670    796  -2480   -902   -158  -2365   -209  -2349  -1614   1635  -1363    183   -887   -465   -747  -1909  -2508  -1667    72
     -   -149   -500    233     43   -381    399    106   -626    210   -466   -720    275    394     45     96    359    117   -369   -294   -249 
     -    -33  -6045  -7087   -894  -1115   -701  -1378      *      * 
    73   1373   -261   -954   -821  -1811   -507   -852  -1410   -810  -1722   -940   -503  -1138   -659  -1033   2248     56   -789  -2056  -1663    73
     -   -149   -500    233     43   -381    399    106   -626    210   -466   -720    275    394     45     96    359    117   -369   -294   -249 
     -    -33  -6045  -7087   -894  -1115   -701  -1378      *      * 
    74    186   -446   -754   -536  -1523   -718   -602  -1038   -442  -1353   -650   -422   1159   -380   -704      5   2362   -623  -1778  -1359    74
     -   -149   -500    233     43   -381    399    106   -626    210   -466   -720    275    394     45     96    359    117   -369   -294   -249 
     -    -33  -6045  -7087   -894  -1115   -701  -1378      *      * 
    75    -89   -802   -329     94  -1046  -1106    -25   -584    284   -817   -125    -83   1290   1246    -63   -179    -92    636  -1298   -794    75
     -   -149   -500    233     43   -381    399    106   -626    210   -466   -720    275    394     45     96    359    117   -369   -294   -249 
     -    -33  -6045  -7087   -894  -1115   -701  -1378      *      * 
    76   1796   -255   -984   -733  -1654    999   -731  -1234   -677  -1529   -738   -466  -1132   -523   -935    187   1279   -680  -1901  -1515    76
     -   -149   -500    233     43   -381    399    106   -626    210   -466   -720    275    394     45     96    359    117   -369   -294   -249 
     -    -33  -6045  -7087   -894  -1115   -701  -1378      *      * 
    77    693   -917   -102    286  -1383    260   1768  -1050    321  -1193   -390     76    551    382   -108    -30    -35   -712  -1517   -964    77
     -   -149   -500    233     43   -381    399    106   -626    210   -466   -720    275    394     45     96    359    117   -369   -294   -249 
     -    -33  -6045  -7087   -894  -1115   -701  -1378      *      * 
    78   -239  -1421    496   1738  -1939    434     -8  -1657    218  -1713   -894    275  -1242    370   -290    838   -278  -1238  -1963  -1304    78
     -   -149   -500    233     43   -381    399    106   -626    210   -466   -720    275    394     45     96    359    117   -369   -294   -249 
     -    -33  -6045  -7087   -894  -1115   -701  -1378      *      * 
    79    -52   -555  -1173  -1112  -1571   -872  -1041   -862   -950  -1353   -866   -843  -1455   -937  -1084   -285   3069   -557  -1898  -1539    79
     -   -149   -500    233     43   -381    399    106   -626    210   -466   -720    275    394     45     96    359    117   -369   -294   -249 
     -    -33  -6045  -7087   -894  -1115   -701  -1378      *      * 
    80   -934  -1220  -1352  -1451  -2187  -1314  -1456  -2160  -1488  -2268  -1827  -1359   3760  -1471  -1571  -1129  -1216  -1780  -2050  -2023    80
     -   -149   -500    233     43   -381    399    106   -626    210   -466   -720    275    394     45     96    359    117   -369   -294   -249 
     -    -33  -6045  -7087   -894  -1115   -701  -1378      *      * 
    81   -473   -821  -1165   -888   -476   2310   -523   -979   -657  -1140   -545   -834  -1649   -635   -842   -675   -582   -761   3291   -193    81
     -   -149   -500    233     43   -381    399    106   -626    210   -466   -720    275    394     45     96    359    117   -369   -294   -249 
     -    -33  -6045  -7087   -894  -1115   -701  -1378      *      * 
    82   -934  -1220  -1352  -1451  -2187  -1314  -1456  -2160  -1488  -2268  -1827  -1359   3760  -1471  -1571  -1129  -1216  -1780  -2050  -2023    82
     -   -149   -500    233     43   -381    399    106   -626    210   -466   -720    275    394     45     96    359    117   -369   -294   -249 
     -    -33  -6045  -7087   -894  -1115   -701  -1378      *      * 
    83   -446   -605  -1313   -844   1710  -1638     70   -225   -658   -390    162   -741  -1735   -450   -856   1228   -409   -128    167   1992    83
     -   -149   -500    233     43   -381    399    106   -626    210   -466   -720    275    394     45     96    359    117   -369   -294   -249 
     -    -33  -6045  -7087   -894  -1115   -701  -1378      *      * 
    84   -328   -728  -1006   -699   -698  -1303   -573   -193   -434    803     21   -705   2346   -451   -648   -565   -419   -154  -1258   -764    84
     -   -149   -500    233     43   -381    399    106   -626    210   -466   -720    275    394     45     96    359    117   -369   -294   -249 
     -    -33  -6045  -7087   -894  -1115   -701  -1378      *      * 
    85    206   -477   -555   -481  -1770   -630   -669  -1504   -541  -1725   -963   -368   2568   -444   -810   1132    -80   -931  -1975  -1519    85
     -   -149   -500    233     43   -381    399    106   -626    210   -466   -720    275    394     45     96    359    117   -369   -294   -249 
     -    -33  -6045  -7087   -894  -1115   -701  -1378      *      * 
    86    947   -272  -1301   -882   -928   -983   -672    168   -698   -615    -28   -696  -1400   -566   -920   -181   1738   1220  -1393  -1000    86
     -   -149   -500    233     43   -381    399    106   -626    210   -466   -720    275    394     45     96    359    117   -369   -294   -249 
     -    -33  -6045  -7087   -894  -1115   -701  -1378      *      * 
    87  -1130  -2063   3441    243  -2502  -1157   -662  -2514   -843  -2578  -2029    -96  -1658   -421  -1434   -970  -1239  -2138  -2388  -1915    87
     -   -149   -500    233     43   -381    399    106   -626    210   -466   -720    275    394     45     96    359    117   -369   -294   -249 
     -    -33  -6045  -7087   -894  -1115   -701  -1378      *      * 
    88  -1301  -1043  -2789  -2394   2888  -2675   -665    433  -2074   1446    799  -1976  -2568  -1596  -1974  -1860  -1241     93    -98    807    88
     -   -149   -500    233     43   -381    399    106   -626    210   -466   -720    275    394     45     96    359    117   -369   -294   -249 
     -    -33  -6045  -7087   -894  -1115   -701  -1378      *      * 
    89   2361   -275   -984   -912  -1864   1009   -946  -1447   -957  -1774  -1001   -566  -1168   -779  -1159    144     10   -823  -2096  -1748    89
     -   -149   -500    233     43   -381    399    106   -626    210   -466   -720    275    394     45     96    359    117   -369   -294   -249 
     -    -33  -6045  -7087   -894  -1115   -701  -1378      *      * 
    90  -1369  -1199  -2542  -2295   -129  -2453  -1603    488  -1867   2607    742  -2168  -2539  -1724  -1835  -1992  -1384    130  -1284   -897    90
     -   -149   -500    233     43   -381    399    106   -626    210   -466   -720    275    394     45     96    359    117   -369   -294   -249 
     -    -33  -6045  -7087   -894  -1115   -701  -1378      *      * 
    91   -934  -1220  -1352  -1451  -2187  -1314  -1456  -2160  -1488  -2268  -1827  -1359   3760  -1471  -1571  -1129  -1216  -1780  -2050  -2023    91
     -   -149   -500    233     43   -381    399    106   -626    210   -466   -720    275    394     45     96    359    117   -369   -294   -249 
     -    -33  -6045  -7087   -894  -1115   -701  -1378      *      * 
    92    761   -559  -1690  -1313   -368  -1626   -939    572  -1017   1814    553  -1181  -1869   -916  -1144   -835   -475    502  -1219   -839    92
     -   -149   -500    233     43   -381    399    106   -626    210   -466   -720    275    394     45     96    359    117   -369   -294   -249 
     -    -33  -6045  -7087   -894  -1115   -701  -1378      *      * 
    93   -700   -665  -2337  -2135   -873  -1965  -1727   1107  -1863   -105     22  -1851  -2286  -1794  -1920  -1368   -823   2927  -1816  -1362    93
     -   -149   -500    233     43   -381    399    106   -626    210   -466   -720    275    394     45     96    359    117   -369   -294   -249 
     -    -33  -6045  -7087   -894  -1115   -701  -1378      *      * 
    94  -1016   -805  -2637  -2367   -591  -2470  -1853   3039  -2040    329    346  -2180  -2589  -1943  -2070  -1879  -1051   1184  -1698  -1261    94
     -   -149   -500    233     43   -381    399    106   -626    210   -466   -720    275    394     45     96    359    117   -369   -294   -249 
     -    -33  -6045  -7087   -894  -1115   -701  -1378      *      * 
    95   -758  -1103  -1313  -1487  -2460   3331  -1562  -2502  -1720  -2644  -2081  -1324  -1775  -1590  -1790   -958  -1093  -1921  -2198  -2279    95
     -   -149   -500    233     43   -381    399    106   -626    210   -466   -720    275    394     45     96    359    117   -369   -294   -249 
     -    -33  -6045  -7087   -894  -1115   -701  -1378      *      * 
    96   -758  -1103  -1313  -1487  -2460   3331  -1562  -2502  -1720  -2644  -2081  -1324  -1775  -1590  -1790   -958  -1093  -1921  -2198  -2279    96
     -   -149   -500    233     43   -381    399    106   -626    210   -466   -720    275    394     45     96    359    117   -369   -294   -249 
     -    -33  -6045  -7087   -894  -1115   -701  -1378      *      * 
    97  -1369  -1199  -2542  -2295   -129  -2453  -1603    488  -1867   2607    742  -2168  -2539  -1724  -1835  -1992  -1384    130  -1284   -897    97
     -   -149   -500    233     43   -381    399    106   -626    210   -466   -720    275    394     45     96    359    117   -369   -294   -249 
     -    -33  -6045  -7087   -894  -1115   -701  -1378      *      * 
    98   -608   5196  -2368  -2362  -1635  -1253  -1702   -987  -2034  -1540  -1191  -1745  -1831  -1953  -1922   -934   -927   -770  -1855  -1692    98
     -   -149   -500    233     43   -381    399    106   -626    210   -466   -720    275    394     45     96    359    117   -369   -294   -249 
     -    -33  -6045  -7087   -894  -1115   -701  -1378      *      * 
    99   2806   -444  -1270  -1265  -1732   -744  -1182  -1034  -1212  -1545  -1010   -869  -1380  -1102  -1325   -156   -259   -640  -2039  -1721    99
     -   -149   -500    233     43   -381    399    106   -626    210   -466   -720    275    394     45     96    359    117   -369   -294   -249 
     -    -33  -6045  -7087   -894  -1115   -701  -1378      *      * 
   100  -1369  -1199  -2542  -2295   -129  -2453  -1603    488  -1867   2607    742  -2168  -2539  -1724  -1835  -1992  -1384    130  -1284   -897   100
     -   -149   -500    233     43   -381    399    106   -626    210   -466   -720    275    394     45     96    359    117   -369   -294   -249 
     -    -33  -6045  -7087   -894  -1115   -701  -1378      *      * 
   101    -52   -555  -1173  -1112  -1571   -872  -1041   -862   -950  -1353   -866   -843  -1455   -937  -1084   -285   3069   -557  -1898  -1539   101
     -   -149   -500    233     43   -381    399    106   -626    210   -466   -720    275    394     45     96    359    117   -369   -294   -249 
     -    -33  -6045  -7087   -894  -1115   -701  -1378      *      * 
   102  -1369  -1199  -2542  -2295   -129  -2453  -1603    488  -1867   2607    742  -2168  -2539  -1724  -1835  -1992  -1384    130  -1284   -897   102
     -   -149   -500    233     43   -381    399    106   -626    210   -466   -720    275    394     45     96    359    117   -369   -294   -249 
     -    -33  -6045  -7087   -894  -1115   -701  -1378      *      * 
   103   2806   -444  -1270  -1265  -1732   -744  -1182  -1034  -1212  -1545  -1010   -869  -1380  -1102  -1325   -156   -259   -640  -2039  -1721   103
     -   -149   -500    233     43   -381    399    106   -626    210   -466   -720    275    394     45     96    359    117   -369   -294   -249 
     -    -33  -6045  -7087   -894  -1115   -701  -1378      *      * 
   104   2806   -444  -1270  -1265  -1732   -744  -1182  -1034  -1212  -1545  -1010   -869  -1380  -1102  -1325   -156   -259   -640  -2039  -1721   104
     -   -149   -500    233     43   -381    399    106   -626    210   -466   -720    275    394     45     96    359    117   -369   -294   -249 
     -    -33  -6045  -7087   -894  -1115   -701  -1378      *      * 
   105   -965   -982  -2125  -1844   -276  -2022  -1302    373  -1390    610   4141  -1701  -2229  -1356  -1425  -1444  -1028    126  -1279   -880   105
     -   -149   -500    233     43   -381    399    106   -626    210   -466   -720    275    394     45     96    359    117   -369   -294   -249 
     -    -33  -6045  -7087   -894  -1115   -701  -1378      *      * 
   106   -758  -1103  -1313  -1487  -2460   3331  -1562  -2502  -1720  -2644  -2081  -1324  -1775  -1590  -1790   -958  -1093  -1921  -2198  -2279   106
     -   -149   -500    233     43   -381    399    106   -626    210   -466   -720    275    394     45     96    359    117   -369   -294   -249 
     -    -33  -6045  -7087   -894  -1115   -701  -1378      *      * 
   107   2806   -444  -1270  -1265  -1732   -744  -1182  -1034  -1212  -1545  -1010   -869  -1380  -1102  -1325   -156   -259   -640  -2039  -1721   107
     -   -149   -500    233     43   -381    399    106   -626    210   -466   -720    275    394     45     96    359    117   -369   -294   -249 
     -    -33  -6045  -7087   -894  -1115   -701  -1378      *      * 
   108   -758  -1103  -1313  -1487  -2460   3331  -1562  -2502  -1720  -2644  -2081  -1324  -1775  -1590  -1790   -958  -1093  -1921  -2198  -2279   108
     -   -149   -500    233     43   -381    399    106   -626    210   -466   -720    275    394     45     96    359    117   -369   -294   -249 
     -    -33  -6045  -7087   -894  -1115   -701  -1378      *      * 
   109   2806   -444  -1270  -1265  -1732   -744  -1182  -1034  -1212  -1545  -1010   -869  -1380  -1102  -1325   -156   -259   -640  -2039  -1721   109
     -   -149   -500    233     43   -381    399    106   -626    210   -466   -720    275    394     45     96    359    117   -369   -294   -249 
     -    -33  -6045  -7087   -894  -1115   -701  -1378      *      * 
   110  -1001   -804  -2762  -2280   -143  -2616  -1642   1088  -1948   2033    899  -2128  -2548  -1674  -1957  -1805   -976   1603  -1371  -1075   110
     -   -149   -500    233     43   -381    399    106   -626    210   -466   -720    275    394     45     96    359    117   -369   -294   -249 
     -    -33  -6045  -7087   -894  -1115   -701  -1378      *      * 
   111  -1369  -1199  -2542  -2295   -129  -2453  -1603    488  -1867   2607    742  -2168  -2539  -1724  -1835  -1992  -1384    130  -1284   -897   111
     -   -149   -500    233     43   -381    399    106   -626    210   -466   -720    275    394     45     96    359    117   -369   -294   -249 
     -    -33  -6045  -7087   -894  -1115   -701  -1378      *      * 
   112   -490  -1549   -394    169  -1777  -1340   2638  -1514   1015  -1478   -694    -30  -1422   1473   1458   -413   -381  -1211  -1567  -1066   112
     -   -149   -500    233     43   -381    399    106   -626    210   -466   -720    275    394     45     96    359    117   -369   -294   -249 
     -    -33  -6045  -7087   -894  -1115   -701  -1378      *      * 
   113  -1181  -1614  -1431   -903  -2066  -1632   -446  -1944    559  -1867  -1326   -899  -1873   -156   3432  -1225  -1148  -1717  -1746  -1529   113
     -   -149   -500    233     43   -381    399    106   -626    210   -466   -720    275    394     45     96    359    117   -369   -294   -249 
     -    -33  -6045  -7087   -894  -1115   -701  -1378      *      * 
   114   -163   4003  -1383   -890  -1031  -1130   -507   -565   -106   -892   -280   -736  -1496   -373   1276   -407   -288   -351  -1315   -928   114
     -   -149   -500    233     43   -381    399    106   -626    210   -466   -720    275    394     45     96    359    117   -369   -294   -249 
     -    -33  -6045  -7087   -894  -1115   -701  -1378      *      * 
   115   -608   5196  -2368  -2362  -1635  -1253  -1702   -987  -2034  -1540  -1191  -1745  -1831  -1953  -1922   -934   -927   -770  -1855  -1692   115
     -   -149   -500    233     43   -381    399    106   -626    210   -466   -720    275    394     45     96    359    117   -369   -294   -249 
     -    -33  -6045  -7087   -894  -1115   -701  -1378      *      * 
   116  -1181  -1614  -1431   -903  -2066  -1632   -446  -1944    559  -1867  -1326   -899  -1873   -156   3432  -1225  -1148  -1717  -1746  -1529   116
     -   -149   -500    233     43   -381    399    106   -626    210   -466   -720    275    394     45     96    359    117   -369   -294   -249 
     -    -33  -6045  -7087   -894  -1115   -701  -1378      *      * 
   117  -1181  -1614  -1431   -903  -2066  -1632   -446  -1944    559  -1867  -1326   -899  -1873   -156   3432  -1225  -1148  -1717  -1746  -1529   117
     -   -148   -500    233     43   -381    399    106   -626    210   -466   -720    275    394     45     96    359    117   -369   -294   -249 
     -   -256  -2688  -7087   -404  -2034   -701  -1378      *      * 
   118   2249   2734  -1783  -1524  -1311   -625  -1083   -515  -1267  -1116   -479   -874  -1246  -1072  -1332     73     43   -164  -1730  -1399   119
     -   -149   -500    233     43   -381    399    106   -626    210   -466   -720    275    394     45     96    359    117   -369   -294   -249 
     -    -33  -6045  -7087   -894  -1115   -701  -1378      *      * 
   119   2806   -444  -1270  -1265  -1732   -744  -1182  -1034  -1212  -1545  -1010   -869  -1380  -1102  -1325   -156   -259   -640  -2039  -1721   120
     -   -149   -500    233     43   -381    399    106   -626    210   -466   -720    275    394     45     96    359    117   -369   -294   -249 
     -    -33  -6045  -7087   -894  -1115   -701  -1378      *      * 
   120  -1181  -1614  -1431   -903  -2066  -1632   -446  -1944    559  -1867  -1326   -899  -1873   -156   3432  -1225  -1148  -1717  -1746  -1529   121
     -   -149   -500    233     43   -381    399    106   -626    210   -466   -720    275    394     45     96    359    117   -369   -294   -249 
     -    -33  -6045  -7087   -894  -1115   -701  -1378      *      * 
   121   -261  -1540    962    524  -1767  -1099   1637  -1529    688  -1523   -681    235  -1250    615   1646   -155   -200  -1161  -1687  -1058   122
     -   -149   -500    233     43   -381    399    106   -626    210   -466   -720    275    394     45     96    359    117   -369   -294   -249 
     -    -33  -6045  -7087   -894  -1115   -701  -1378      *      * 
   122  -1181  -1614  -1431   -903  -2066  -1632   -446  -1944    559  -1867  -1326   -899  -1873   -156   3432  -1225  -1148  -1717  -1746  -1529   123
     -   -149   -500    233     43   -381    399    106   -626    210   -466   -720    275    394     45     96    359    117   -369   -294   -249 
     -    -33  -6045  -7087   -894  -1115   -701  -1378      *      * 
   123   -468  -1569   -365    203  -1837  -1323   1756  -1550   1018  -1503   -707     -5  -1403   2105   1442   -383   -360  -1234  -1599  -1098   124
     -   -149   -500    233     43   -381    399    106   -626    210   -466   -720    275    394     45     96    359    117   -369   -294   -249 
     -    -33  -6045  -7087   -894  -1115   -701  -1378      *      * 
   124   -555  -1499   -390     34  -1912  -1301     62  -1637    913  -1614   -863   1323  -1479    442   2442   -506   -498  -1315  -1678  -1218   125
     -   -149   -500    233     43   -381    399    106   -626    210   -466   -720    275    394     45     96    359    117   -369   -294   -249 
     -    -33  -6045  -7087   -894  -1115   -701  -1378      *      * 
   125   1519   -321  -1693  -1359   -939  -1207  -1063    657  -1158   -422    -10  -1063  -1642  -1019  -1307   -454   -231   1989  -1586  -1192   126
     -   -149   -500    233     43   -381    399    106   -626    210   -466   -720    275    394     45     96    359    117   -369   -294   -249 
     -    -33  -6045  -7087   -894  -1115   -701  -1378      *      * 
   126   1336   -262   -951   -821  -1813   -507   -854  -1413   -811  -1725   -944   -503  -1138   -660  -1034   2270     55   -791  -2059  -1665   127
     -   -149   -500    233     43   -381    399    106   -626    210   -466   -720    275    394     45     96    359    117   -369   -294   -249 
     -    -33  -6045  -7087   -894  -1115   -701  -1378      *      * 
   127   -407   -778   -911   -651    515  -1374    -24   -675   -496   -811   -266   -593  -1648   -402   -714    824   -469   -508    -88   3090   128
     -   -149   -500    233     43   -381    399    106   -626    210   -466   -720    275    394     45     96    359    117   -369   -294   -249 
     -    -33  -6045  -7087   -894  -1115   -701  -1378      *      * 
   128    576   -398  -2031  -1532   -493  -1907  -1070   1125  -1283    785    466  -1389  -2031  -1116  -1410  -1044   -436   2057  -1275   -898   129
     -   -149   -500    233     43   -381    399    106   -626    210   -466   -720    275    394     45     96    359    117   -369   -294   -249 
     -    -33  -6045  -7087   -894  -1115   -701  -1378      *      * 
   129   -407   -778   -911   -651    515  -1374    -24   -675   -496   -811   -266   -593  -1648   -402   -714    824   -469   -508    -88   3090   130
     -   -149   -500    233     43   -381    399    106   -626    210   -466   -720    275    394     45     96    359    117   -369   -294   -249 
     -    -33  -6045  -7087   -894  -1115   -701  -1378      *      * 
   130   2806   -444  -1270  -1265  -1732   -744  -1182  -1034  -1212  -1545  -1010   -869  -1380  -1102  -1325   -156   -259   -640  -2039  -1721   131
     -      *      *      *      *      *      *      *      *      *      *      *      *      *      *      *      *      *      *      *      * 
     -      *      *      *      *      *      *      *      *      0 
//