query	sp|A2APV2|FMNL2_MOUSE	72.43	185	50	1	35	219	219	402	2e-76	 285
query	sp|Q96PY5|FMNL2_HUMAN	72.43	185	50	1	35	219	219	402	2e-76	 285
query	sp|Q8IVF7|FMNL3_HUMAN	58.06	248	99	2	35	278	222	468	2e-74	 278
query	sp|Q6ZPF4|FMNL3_MOUSE	58.06	248	99	2	35	278	222	468	3e-74	 278
query	sp|O95466|FMNL_HUMAN	59.49	237	78	4	15	234	192	427	5e-73	 274
query	sp|Q9JL26|FMNL_MOUSE	68.65	185	57	1	35	219	224	407	8e-72	 270
query	sp|Q8BPM0|DAAM1_MOUSE	36.84	152	89	3	37	181	177	328	2e-22	 105
query	sp|Q9Y4D1|DAAM1_HUMAN	36.84	152	89	3	37	181	177	328	2e-22	 105
query	sp|Q80U19|DAAM2_MOUSE	35.57	149	89	3	37	178	173	321	2e-19	95.9
query	sp|Q86T65|DAAM2_HUMAN	34.90	149	90	3	37	178	173	321	4e-19	95.1
query	sp|O70566|DIAP2_MOUSE	32.48	157	99	3	41	194	233	385	1e-15	84.0
query	sp|Q5TJ56|FORF_DICDI	30.63	160	102	4	38	190	135	292	2e-15	83.2
query	sp|O60879|DIAP2_HUMAN	31.85	157	100	3	41	194	234	386	2e-15	82.8
query	sp|Q9Z207|DIAP3_MOUSE	27.08	192	117	2	38	208	223	412	3e-15	82.4
query	sp|Q0GNC1|INF2_MOUSE	29.45	146	100	2	41	185	102	245	6e-15	81.3
query	sp|Q27J81|INF2_HUMAN	29.45	146	100	2	41	185	102	245	2e-14	79.7
query	sp|Q9NSV4|DIAP3_HUMAN	25.88	170	116	4	38	201	244	409	2e-13	76.6
query	sp|O08808|DIAP1_MOUSE	26.90	171	115	4	38	201	206	373	5e-13	74.7
query	sp|O60610|DIAP1_HUMAN	28.75	160	103	4	38	194	215	366	6e-13	74.7
query	sp|Q5TJ55|FORD_DICDI	29.37	143	94	3	35	173	138	277	1e-12	73.9
query	sp|P78621|SEPA_EMENI	28.10	210	121	7	41	220	435	644	1e-12	73.6
query	sp|Q54N00|FORH_DICDI	31.82	132	88	2	43	174	171	300	1e-12	73.6
query	sp|Q5TJ57|FORE_DICDI	29.84	191	112	7	41	224	692	867	8e-12	70.9
query	sp|Q0IHV1|INF2_XENTR	28.28	145	101	2	41	184	102	244	9e-10	63.9
query	sp|P48608|DIA_DROME	27.74	155	99	6	40	182	188	341	2e-09	62.8
query	sp|Q6NTV6|INF2_XENLA	27.59	145	102	2	41	184	102	244	3e-09	62.4
query	sp|Q54WH2|FORA_DICDI	24.36	156	108	3	43	188	299	454	2e-08	59.3
query	sp|Q54SP2|FORB_DICDI	31.63	98	64	2	95	190	228	324	3e-06	52.0
query	sp|Q86UP8|GTD2A_HUMAN	25.29	170	112	6	107	268	419	581	0.15	36.6
query	sp|Q55DM7|PKS2_DICDI	25.00	144	87	5	57	189	1691	1824	0.34	35.4
query	sp|Q9FJK6|CCC11_ARATH	24.47	94	67	2	23	113	149	241	0.42	35.4
query	sp|Q00722|PLCB2_HUMAN	27.94	68	49	0	211	278	979	1046	0.44	35.0
query	sp|Q6EKJ0|GTD2B_HUMAN	25.29	170	112	6	107	268	419	581	0.75	34.3
query	sp|A0M8T5|CTTB2_FELCA	30.14	73	40	2	165	229	165	234	1.9	33.1
query	sp|Q8N5R6|CCD33_HUMAN	26.21	145	94	4	146	278	631	774	2.2	32.7
query	sp|Q6FU75|LIC4_CANGA	24.49	147	89	3	45	187	192	320	2.5	32.7
query	sp|Q99KW3|TARA_MOUSE	23.85	109	72	1	179	276	1850	1958	3.1	32.3
query	sp|Q04004|PLP1_YEAST	45.45	33	18	0	201	233	25	57	3.8	32.0
query	sp|Q2QLA2|CTTB2_HORSE	28.77	73	41	2	165	229	165	234	5.5	31.6
query	sp|Q07E28|CTTB2_NEONE	28.77	73	41	2	165	229	165	234	6.2	31.6
query	sp|Q2IBB2|CTTB2_RHIFE	23.58	106	79	1	165	270	165	268	7.5	31.2
query	sp|Q3UHD3|K0774_MOUSE	21.82	110	86	0	168	277	1196	1305	7.7	31.2
