HMMER2.0  [2.3.2]
NAME  1-cysPrx_C
ACC   PF10417.1
DESC  C-terminal domain of 1-Cys peroxiredoxin
LENG  63
ALPH  Amino
RF    no
CS    yes
MAP   yes
COM   hmmbuild -f -F HMM_fs.ann SEED.ann
COM   hmmcalibrate --seed 0 HMM_fs.ann
NSEQ  279
DATE  Wed Apr 23 12:50:20 2008
CKSUM 9321
GA    27.9000 27.9000;
TC    28.0000 28.0000;
NC    27.8000 27.8000;
XT      -8455     -4  -1000  -1000  -8455     -4  -8455     -4 
NULT      -4  -8455
NULE     595  -1558     85    338   -294    453  -1158    197    249    902  -1085   -142    -21   -313     45    531    201    384  -1998   -644 
EVD    -8.621469   0.608404
HMM        A      C      D      E      F      G      H      I      K      L      M      N      P      Q      R      S      T      V      W      Y    
         m->m   m->i   m->d   i->m   i->i   d->m   d->d   b->m   m->e
          -32      *  -5492
     1  -3475   -964   -856  -2195  -5235  -3217  -1853  -4992  -1681  -3553  -4086   3850  -4408  -2618  -3299   1580  -3439  -4561  -5153  -2615     1
     -   -149   -500    233     43   -381    399    106   -626    210   -466   -720    275    394     45     96    359    117   -369   -294   -249 
     -    -13 -10634 -11676   -894  -1115   -701  -1378  -1032  -6954 
     2  -1821  -2863  -5389  -4754   2454  -4594  -3469   1926  -4351  -1997   2095  -4240  -4642  -3975  -4152  -1311   -623   2254   -644  -2990     2
     -   -149   -500    233     43   -381    399    106   -626    210   -466   -720    275    394     45     96    359    117   -369   -294   -249 
     H    -13 -10634 -11677   -894  -1115   -701  -1378  -6987  -6943 
     3    144  -4214   3227    695  -4535  -2837  -1365  -4286   -997  -2732  -3303    591   -501    118  -1945   -587  -1124  -2741  -4397  -3714     3
     -   -149   -500    233     43   -381    399    106   -626    210   -466   -720    275    394     45     96    359    117   -369   -294   -249 
     H    -13 -10635 -11677   -894  -1115   -701  -1378  -6987  -6931 
     4  -5224  -7247  -1639   3914  -7361  -3494  -4405  -7467  -4884  -7277  -6760  -3514  -5521  -4111  -5936  -4820  -5342  -6884  -7396  -2834     4
     -   -149   -500    233     43   -381    399    106   -626    210   -466   -720    275    394     45     96    359    117   -369   -294   -249 
     H    -13 -10635 -11677   -894  -1115   -701  -1378  -6987  -6919 
     5     -2  -1873  -5351  -2478   -189  -4553  -3424   2682  -4309     13   1766  -4199  -4603  -3932  -4109  -2576    828   1480  -3289  -1210     5
     -   -149   -500    233     43   -381    399    106   -626    210   -466   -720    275    394     45     96    359    117   -369   -294   -249 
     H    -13 -10635 -11677   -894  -1115   -701  -1378  -6987  -6907 
     6  -5149  -4757  -7519  -6908  -1293  -6960  -5752    919  -1914   3023  -1072  -6631  -6558  -5800  -6255  -6141  -5044    107  -4940  -1973     6
     -   -149   -500    233     43   -381    399    106   -626    210   -466   -720    275    394     45     96    359    117   -369   -294   -249 
     H    -14 -10636 -11678   -894  -1115   -701  -1378  -6987  -6896 
     7  -7010  -6875  -7574  -6498  -8087  -6802  -5431  -7912  -2963  -7445  -6916  -6302  -6974  -5123   4254  -7010  -6763  -7670  -6767  -7136     7
     -   -149   -500    233     43   -381    399    106   -626    210   -466   -720    275    394     45     96    359    117   -369   -294   -249 
     H    -14 -10635 -11677   -894  -1115   -701  -1378  -6987  -6883 
     8    450    -93  -5518  -4891  -2953  -4736  -3626    759  -4495   1382   2517  -4383  -4779  -4124  -4302  -2132   -225   2251  -3485  -3141     8
     -   -149   -500    233     43   -381    399    106   -626    210   -466   -720    275    394     45     96    359    117   -369   -294   -249 
     H    -14 -10635 -11677   -894  -1115   -701  -1378  -6987  -6870 
     9  -3100  -1253  -5303  -4753  -1393  -4614  -3466   2445  -4373   1311  -2105  -4245  -4623  -3990  -4178  -3743   -672   2429  -3258  -3038     9
     -   -149   -500    233     43   -381    399    106   -626    210   -466   -720    275    394     45     96    359    117   -369   -294   -249 
     H    -14 -10635 -11677   -894  -1115   -701  -1378  -6987  -6858 
    10  -1569  -1685   3178    420  -4539  -3722  -2380  -1648   1602  -4234  -3308  -2358  -3816   1286   -516  -2630  -1940  -2562  -4402  -3721    10
     -   -149   -500    233     43   -381    399    106   -626    210   -466   -720    275    394     45     96    359    117   -369   -294   -249 
     H    -14 -10635 -11677   -894  -1115   -701  -1378  -6987  -6845 
    11   3109  -4234  -7024  -7366  -6958   -739  -6303  -6777  -6984  -7042  -2104  -5366  -5337  -6408  -6578   1975  -3331  -3871  -7182  -7172    11
     -   -149   -500    233     43   -381    399    106   -626    210   -466   -720    275    394     45     96    359    117   -369   -294   -249 
     H    -14 -10635 -11678   -894  -1115   -701  -1378  -6987  -6833 
    12  -2446  -4005  -6618  -5987   1643  -5906  -4738    463  -5615   2823    788  -5561  -5772  -3221  -5355  -5023  -4188   -841  -4303   -519    12
     -   -149   -500    233     43   -381    399    106   -626    210   -466   -720    275    394     45     96    359    117   -369   -294   -249 
     H    -14 -10635 -11678   -894  -1115   -701  -1378  -6987  -6820 
    13  -2346  -4359  -2148  -2377  -4670  -4002   -762   -471   -356  -1171  -3463  -1391  -4085   4165   -558  -2939  -1801  -3978  -4520  -3915    13
     -   -149   -500    233     43   -381    399    106   -626    210   -466   -720    275    394     45     96    359    117   -369   -294   -249 
     H    -14 -10636 -11678   -894  -1115   -701  -1378  -6987  -6807 
    14  -1210  -2832  -5322  -2285   2423  -4547   1211   -801   -951   1413    607  -2981  -4597  -2870  -2933  -3630   1283    172  -1371   1406    14
     -   -149   -500    233     43   -381    399    106   -626    210   -466   -720    275    394     45     96    359    117   -369   -294   -249 
     H    -14 -10636 -11678   -894  -1115   -701  -1378  -6987  -6794 
    15    661  -2783  -4843  -4286   -394   -925   1632  -1409  -3967  -2353  -2038    317  -4444  -3646  -3890    930   2433   1242  -3159   -842    15
     -   -149   -500    233     43   -381    399    106   -626    210   -466   -720    275    394     45     96    359    117   -369   -294   -249 
     H    -15 -10637 -11679   -894  -1115   -701  -1378  -6987  -6782 
    16    562  -4212   2928   1582  -4533  -2196  -2373  -4283   -861  -3324  -1561  -1100  -3808    562  -2461   -707  -1312  -3834    353    294    16
     -   -149   -500    233     43   -381    399    106   -626    210   -466   -720    275    394     45     96    359    117   -369   -294   -249 
     H    -15 -10636 -11678   -894  -1115   -701  -1378  -6987  -6768 
    17    280  -3995  -1646   1444  -4417  -2228  -1558  -2696   2517  -4187  -3215    375  -3747    240     66   -184    456  -2245  -4073   -930    17
     -   -149   -500    233     43   -381    399    106   -626    210   -466   -720    275    394     45     96    359    117   -369   -294   -249 
     H    -42  -7717  -6076   -479  -1822   -701  -1378  -6987  -6755 
    18   -713  -4193   -934    -37    -71  -3696   3867  -4263    534  -2505  -3282   1479  -3789   -184   -779  -1738   -319  -2975  -4377   1816    19
     -   -149   -500    233     43   -381    399    107   -627    210   -466   -721    276    397     45     96    359    117   -370   -295   -250 
     H    -97  -4180 -11657   -351  -2212   -449  -1903  -6987  -6741 
    19  -2748  -4221   -714  -1749  -4542   2695  -2379  -4293   1916  -3512  -3310    277   -394   -682     41   -537  -1662  -3843  -4403  -2390    22
     -   -149   -500    233     43   -381    399    106   -626    210   -466   -720    275    394     45     96    359    117   -369   -294   -249 
     T    -15 -10636 -11678   -894  -1115   -701  -1378  -6987  -6728 
    20  -2392   -578  -1328   2055  -2107  -2142  -3101    396  -2491   -750  -1571  -1626  -4373  -1078  -2015  -3327  -1749   2687  -3480   -770    23
     -   -149   -500    233     43   -381    398    106   -626    211   -466   -721    275    394     46     96    359    117   -369   -294   -249 
     S    -52  -5294 -11679   -145  -3383   -701  -1378  -6987  -6714 
    21   2541  -2840  -3144  -4679  -2796  -4550  -3422  -1945  -4284  -1015   -671  -2683  -4601  -3915  -4099  -1929  -1055   2569  -3300  -1711    25
     -   -149   -500    233     43   -381    399    106   -626    210   -466   -720    275    394     45     96    359    117   -369   -294   -249 
     C    -15 -10637 -11679   -894  -1115   -701  -1378  -6987  -6700 
    22  -1052   4360  -6104  -5516  -3431  -5345  -4340   -300  -5152   -603    366  -5028  -5366  -4775  -4972  -4468   2908  -1513  -4140  -3812    26
     -   -149   -500    233     43   -381    399    106   -626    210   -466   -720    275    394     45     96    359    117   -369   -294   -249 
     B    -15 -10637 -11679   -894  -1115   -701  -1378  -6987  -6687 
    23  -4515  -6449  -7853  -8228  -8408  -6561  -7584  -8986  -8378  -8747  -8284  -7545   4332  -8095  -7927  -6718  -6853  -8027  -7513  -8434    27
     -   -149   -500    233     43   -381    399    106   -626    210   -466   -720    275    394     45     96    359    117   -369   -294   -249 
     -    -16 -10638 -11680   -894  -1115   -701  -1378  -6987  -6673 
    24   3030   -311  -5286   -225  -2187  -2164  -2094     85  -4266  -1988  -2049  -4173  -4599  -3902  -4091  -2567  -2949   1257  -3305  -2961    28
     -   -149   -500    233     43   -381    399    106   -626    210   -466   -720    275    394     45     96    359    117   -369   -294   -249 
     T    -16 -10637 -11679   -894  -1115   -701  -1378  -6987  -6658 
    25  -3273  -1696   1835  -2836  -6182   1115  -3701  -6012  -1698  -5931  -5115   3624  -4932   -508  -4294  -2039  -3290  -5489  -6111  -5280    29
     -   -149   -500    233     43   -381    399    106   -626    210   -466   -720    275    394     45     96    359    117   -369   -294   -249 
     T    -16 -10637 -11679   -894  -1115   -701  -1378  -6987  -6644 
    26  -4935  -4822  -6199  -6309  -2888  -5586  -3966  -5994  -5347  -5669  -5209  -5328  -5943  -5358  -5199  -5025  -5191  -5741   6271  -2425    30
     -   -149   -500    233     43   -381    399    106   -626    210   -466   -721    276    395     45     96    359    117   -370   -295   -248 
     T    -64  -5152  -7607   -875  -1137   -701  -1378  -6987  -6629 
    27  -2096  -4206  -1385    185  -2007  -2666    556  -1423   2063  -2991  -1423    871    570   2170    421  -1172    177   -911  -4390  -2265    34
     -   -149   -500    233     43   -381    399    106   -626    210   -466   -720    275    394     45     96    359    117   -369   -294   -249 
     T    -16 -10630 -11673   -894  -1115   -590  -1575  -6987  -6615 
    28  -1293  -4213    192    807  -2848  -3714   -530  -2665   1407  -4229  -3302    363   2983    568  -1491  -1350  -1700  -1874  -4396  -2335    35
     -   -149   -500    233     43   -381    398    105   -624    210   -465   -721    277    393     45     96    359    118   -370   -295   -250 
     S    -59  -5079 -11680   -989  -1011   -701  -1378  -6987  -6600 
    29  -3754  -7211   -836  -1960  -7379   3584  -4336  -7396  -2760  -7216  -6686   1148  -5457  -4036  -5868  -3000  -5261  -6807  -7424  -6251    38
     -   -151   -502    231     47   -381    399    103   -615    210   -462   -723    275    392     44     94    358    116   -370   -294   -250 
     B  -1124  -3331  -1213  -2105   -382   -701  -1378  -6987  -6585 
    30  -1660  -3534   3098   1526  -3855   -696  -1690  -3606   -210  -3550   -432   -829  -3123    801  -1222  -1206   -597  -3156  -3717  -3033    50
     -   -149   -500    233     43   -381    399    106   -626    210   -466   -720    275    394     45     96    359    117   -369   -294   -249 
     T    -18  -9813 -10855   -894  -1115    -40  -5190  -6987  -6570 
    31   -857  -1452   2535    957  -4535  -1687    142  -4285   1510  -4230  -3303   -728    428    911   -442   -244  -1863  -3836  -1740  -3714    51
     -   -149   -500    233     43   -381    399    106   -626    210   -466   -720    275    394     45     96    359    117   -369   -294   -249 
     -    -17 -10638 -11680   -894  -1115   -701  -1378  -6987  -6555 
    32    -20   2068    345    534  -4429  -2242  -2397  -1938   1158  -2555  -3239  -2383    -72   -968   -983  -2396  -1668   2510  -4344  -3682    52
     -   -149   -500    233     43   -381    399    106   -626    210   -466   -720    275    394     45     96    359    117   -369   -294   -249 
     E    -17 -10638 -11680   -894  -1115   -701  -1378  -6987  -6539 
    33    294   -571  -5361  -4725  -2106    554  -3437   2435  -4321  -1229   1813  -4210  -4614  -3944  -4122  -1617   1344   1293  -3302  -2960    53
     -   -149   -500    233     43   -381    398    105   -626    210   -465   -721    276    393     45     96    359    119   -370   -295   -250 
     E    -26  -7156 -11681  -2957   -199   -701  -1378  -6987  -6524 
    34  -2597  -1388  -5814  -5207   -842  -5071  -3997   2765  -4830   -384   3086  -1699  -5096  -4472  -4652  -4174  -2316   1940  -3842  -3492    65
     -   -149   -500    233     43   -381    399    106   -626    210   -466   -720    275    394     45     96    359    117   -369   -294   -249 
     E    -17 -10639 -11681   -894  -1115   -701  -1378  -6987  -6508 
    35   -515  -4203  -1759   -556  -4519  -2110    496  -1164   1711   -647  -3293   -340   2279   -110  -1725   -491   -830   1034  -4389  -1641    66
     -   -149   -500    233     43   -381    399    106   -626    210   -466   -720    275    394     45     96    359    117   -369   -294   -249 
     -    -17 -10639 -11681   -894  -1115   -701  -1378  -6987  -6492 
    36   1113  -3327  -1937  -2262  -3368  -1620  -2849  -2397  -2773  -1965  -1641  -2427   3700  -2665  -3123  -1536  -1540  -2292  -3714  -2074    67
     -   -147   -500    233     43   -381    398    105   -627    211   -466   -721    275    396     45     95    359    118   -369   -295   -250 
     -   -801  -4271  -1461   -758  -1291   -701  -1378  -6987  -6476 
    37   1191  -3644   -171  -1030  -3961  -1126  -1813  -2437   -894  -3658  -2734   -383   1919   -925  -1902   1889    947  -3264  -3829  -1410    70
     -   -149   -500    233     43   -381    399    106   -626    210   -466   -720    275    394     45     96    359    117   -369   -294   -249 
     -    -41  -9979  -6014   -894  -1115  -4285    -76  -6987  -6459 
    38     17  -2408  -3665  -3083  -1509  -2665    427    311     39    603   -326   -148   -211  -1784  -1707     13    -30   2262  -2841  -2461    71
     -   -149   -500    233     43   -381    399    106   -626    210   -466   -720    275    394     45     96    359    117   -369   -294   -249 
     -    -19  -9957 -10999   -894  -1115   -170  -3165  -6987  -6443 
    39  -1725  -4171   1588  -1484  -2871  -1683   -843  -2804     -8  -4187  -3260    474   -794     52  -1527   2075   1886  -2854  -4354  -3671    72
     -   -149   -500    233     43   -381    399    106   -626    210   -466   -720    275    394     45     96    359    117   -369   -294   -249 
     S    -18 -10591 -11633   -894  -1115  -1136   -875  -6987  -6426 
    40   -164  -1178   1733    507  -1913  -1600   -318  -1100  -1670  -2130   -443    910   1631    615  -1465   -864    179     74  -4335    -35    73
     -   -149   -500    233     43   -381    399    106   -626    210   -466   -720    275    394     45     96    359    117   -369   -294   -249 
     H    -18 -10606 -11648   -894  -1115   -823  -1202  -6987  -6409 
    41    301   -726    886   2822  -4516  -2517   -299  -2188    946  -2426  -1165   -764  -1020   -150  -2046  -1866  -2249  -1357  -4380  -2209    74
     -   -149   -500    233     43   -381    399    106   -626    210   -466   -720    275    394     45     96    359    117   -369   -294   -249 
     H    -19 -10624 -11666   -894  -1115  -1137   -875  -6987  -6393 
    42    272  -3924   1496   2107  -4370   1539  -2295  -4179    442  -3620  -1922   -700  -3716    102  -1103   -839   -712  -3761  -3978  -3589    75
     -   -149   -500    233     43   -381    399    106   -626    210   -466   -720    275    394     45     96    359    117   -369   -294   -249 
     H    -19 -10623 -11665   -894  -1115  -1137   -875  -6987  -6375 
    43   2392  -3059  -2165  -2329  -3050  -4273  -3061    319  -1066   -173    -91  -1982  -4340  -2017  -2567    771  -1217   1406  -3482  -2269    76
     -   -147   -500    233     44   -380    398    105   -622    210   -465   -719    275    393     45     96    359    117   -369   -295   -250 
     H  -1252  -2971  -1182    -33  -5458  -1137   -875  -6987  -6358 
    44   -343  -3477   -840    717  -3798  -2979  -1638  -1710   2752  -2218   -395   -459   -795    810    594   -438   -617  -1369  -3661  -2978    78
     -   -149   -500    233     43   -381    399    106   -626    210   -466   -720    275    394     45     96    359    117   -369   -294   -249 
     H    -20  -9772 -10814   -894  -1115  -4563    -62  -6987  -6340 
    45    377  -3478   -348   1586  -3799  -2299   -627  -3550   2021  -2352    111   -681  -3072    929   1223  -1387     54  -1414  -3662  -2979    79
     -   -149   -500    233     43   -381    399    106   -626    210   -466   -720    275    394     45     96    359    117   -369   -294   -249 
     H    -30  -9772  -7163   -894  -1115  -4563    -62  -6987  -6322 
    46  -1401   -391  -2893  -1628  -1656  -3410   -830  -1082   1652   1054   1856  -2431  -3482   -235   2541  -2397  -2080  -1925  -2871  -1380    80
     -   -149   -500    233     43   -381    399    106   -626    210   -466   -720    275    394     45     96    359    117   -369   -294   -249 
     H    -21  -9763 -10805   -894  -1115  -4343    -73  -6987  -6304 
    47  -1794   -377  -4234  -1872   3239  -2642  -2584   -906    532    510    892  -3263  -1675  -1822  -1952   -442   -952   -839  -2557   1424    81
     -   -149   -500    233     45   -381    399    105   -627    210   -466   -719    276    394     46     96    359    117   -370   -295   -250 
     H   -713  -3331  -1847    -74  -4330  -4095    -87  -6987  -6285 
    48  -3022  -4710   -770   -188  -4962   1499   -838  -4788   -398  -4691  -3888  -1921   3530   -585  -2974  -2144  -3026  -4308  -4867  -4025    83
     -   -148   -500    233     43   -381    399    105   -627    211   -465   -721    276    394     46     96    359    118   -370   -295   -250 
     .   -262  -3668  -3742   -905  -1102  -2370   -310  -6987  -6267 
    49   -173  -3312    527   1591  -1324   -770   -657  -3383   1764  -3328  -2401   1167  -2905   1869  -1559   -953   -444  -2149  -3495  -2812    86
     -   -149   -500    233     43   -381    398    106   -626    210   -466   -720    275    395     45     96    359    117   -369   -294   -249 
     H  -4727  -4257   -157   -149  -3353  -4210    -80  -6987  -6248 
    50    433  -1685    894    970  -1981  -1118    138  -1722   1444  -1693   -798    241  -1269    578     -7    513   -199  -1297  -1886  -1201    88
     -   -149   -500    233     43   -381    399    106   -626    210   -466   -720    275    394     45     96    359    117   -369   -294   -249 
     .    -45  -6410  -7452   -894  -1115  -1569   -593  -6987  -6229 
    51   -405  -3003  -1408    -20  -1388   2753  -1188  -1969    523  -3015  -2094   -283  -2622    -66    189   -431   -496  -2620  -3191  -2515    89
     -   -149   -500    233     43   -381    399    106   -626    210   -466   -720    275    394     45     96    359    117   -369   -294   -249 
     .   -770  -9180  -1328   -894  -1115  -4445    -68  -6987  -6209 
    52     38   1579  -3461   -875   1532   -588  -1633   1117    416    -12    810  -2375  -2819  -2099  -1138  -1054  -1174   1025    290   1072    90
     -   -149   -498    233     47   -379    397    105   -627    214   -467   -720    275    393     45     97    359    117   -370   -296   -250 
     .  -3667   -168  -5839    -21  -6117  -3893   -101  -6987  -6190 
    53   -537  -2671    501    283  -2991   -581   -835  -2741   1103   -609  -1761    321  -1104    571   -204    549   1497   -249  -2855   -917    92
     -   -149   -500    233     43   -381    399    106   -626    210   -466   -720    275    394     45     96    359    117   -369   -294   -249 
     H    -25  -8682  -9724   -894  -1115  -5241    -39  -6987  -6170 
    54    140  -2638    211    443  -2943    910   -844   -564   1689  -2647  -1732   -173  -2277     31   -482  -1092  -1143   1287  -2831   -789    93
     -   -149   -500    233     43   -381    399    106   -626    210   -466   -720    275    394     45     96    359    117   -369   -294   -249 
     T    -68  -8683  -5070   -894  -1115  -3190   -167  -6987  -6150 
    55   -825  -2872   1113   2039  -3193    550  -1031  -2943    511  -1978    211    138   -703   1039  -1119    -72   -285  -2494  -3055  -2372    94
     -   -149   -500    233     43   -381    399    106   -626    210   -466   -720    275    394     45     96    359    117   -369   -294   -249 
     T    -41  -8972  -6423   -894  -1115  -1261   -779  -6987  -6129 
    56  -1635    -23  -4670  -4034   1629  -2006    484    345  -2720    908    995  -3519  -2091  -1684  -2314  -2958  -1724    700   2683   2801    95
     -   -149   -500    233     43   -381    399    106   -626    210   -466   -720    275    394     45     96    359    117   -369   -294   -249 
     S    -44  -9884  -6130   -894  -1115  -3816   -106  -6987  -6110 
    57  -2098  -1042   1077   1668  -2368  -1742  -1730  -3643   1414  -3587  -2660    365   1872   -118    335  -1296    148  -3193  -3754  -1711    96
     -   -149   -500    233     43   -381    399    106   -626    210   -466   -720    275    394     45     96    359    117   -369   -294   -249 
     E    -24  -9891 -10933   -894  -1115  -3428   -141  -6987  -6088 
    58    202   3470  -1372    522  -3876   -858   -958  -1538    -67  -3581  -1553  -1181  -1547  -1033  -1135   1313   1387   -700  -3766   -795    97
     -   -149   -500    233     43   -381    399    106   -626    210   -466   -720    275    394     45     96    359    117   -369   -294   -249 
     E    -24  -9939 -10981   -894  -1115  -4355    -72  -6987  -6066 
    59  -1234  -2372  -3709  -2156    329    756  -1476    945   1163    168   -691  -1042   -342   -374  -2274  -2772   -198   1244  -2807   1474    98
     -   -149   -500    233     43   -381    399    106   -626    210   -466   -720    275    394     45     96    359    117   -369   -294   -249 
     E    -33  -9940  -7340   -894  -1115    -45  -5032  -6987  -6045 
    60    841  -4207   1751   -614  -2969  -3710  -1504  -3190   2616  -1153  -2247  -1346  -3803    -62   -234   -845   -447  -2086  -4390  -2408    99
     -   -149   -500    233     43   -381    399    106   -626    210   -466   -720    275    394     45     96    359    117   -369   -294   -249 
     E    -24 -10641 -11683   -894  -1115   -846  -1172  -6987  -6023 
    61  -1020  -2161    346   1378  -2053  -1218   -631  -3060    341  -3389  -3296    152   1773   -227  -2457    -80  -1697  -2496   4119  -3709   100
     -   -149   -500    233     43   -381    399    106   -626    210   -466   -720    275    394     45     96    359    117   -369   -294   -249 
     T    -24 -10640 -11682   -894  -1115   -846  -1172  -6987  -6000 
    62  -3341  -4775  -6760  -3188    734  -6309  -3643  -4403  -3302  -3132  -4025  -5458  -6287  -5292  -2956  -5459  -3466  -4375   3079   4585   101
     -   -149   -500    233     43   -381    399    106   -626    210   -466   -720    275    394     45     96    359    117   -369   -294   -249 
     T    -24 -10640 -11683   -894  -1115   -617  -1523  -6987  -5977 
    63  -3019   -573  -5365  -3426   2765  -4568  -3438   -553  -4324   2506    -53  -4213  -4616  -2241  -4123  -3141  -2960  -1427    866   -985   102
     -      *      *      *      *      *      *      *      *      *      *      *      *      *      *      *      *      *      *      *      * 
     E      *      *      *      *      *      *      *  -6987      0 
//