HMMER2.0  [2.3.2]
NAME  F_actin_bind
ACC   PF08919.2
DESC  F-actin binding
LENG  179
ALPH  Amino
RF    no
CS    yes
MAP   yes
COM   hmmbuild -F HMM_ls.ann SEED.ann
COM   hmmcalibrate --seed 0 HMM_ls.ann
NSEQ  4
DATE  Wed Apr 23 05:23:46 2008
CKSUM 5375
GA    25.0000 25.0000;
TC    28.9000 28.9000;
NC    -42.1000 -42.1000;
XT      -8455     -4  -1000  -1000  -8455     -4  -8455     -4 
NULT      -4  -8455
NULE     595  -1558     85    338   -294    453  -1158    197    249    902  -1085   -142    -21   -313     45    531    201    384  -1998   -644 
EVD   -119.863129   0.163016
HMM        A      C      D      E      F      G      H      I      K      L      M      N      P      Q      R      S      T      V      W      Y    
         m->m   m->i   m->d   i->m   i->i   d->m   d->d   b->m   m->e
         -415      *  -2000
     1  -1877  -2708   -271   3539  -3235  -1868  -1322  -3210  -1299  -3203  -2676   -849  -2342  -1076  -1736  -1723  -1961  -2857  -2976  -2640     1
     -   -149   -500    233     43   -381    399    106   -626    210   -466   -720    275    394     45     96    359    117   -369   -294   -249 
     X    -21  -6672  -7714   -894  -1115   -701  -1378   -415      * 
     2  -1814  -2025  -2478  -2748  -3577   3650  -2700  -3847  -3052  -3864  -3354  -2492  -2699  -2874  -2984  -2040  -2187  -3148  -3081  -3439     2
     -   -149   -500    233     43   -381    399    106   -626    210   -466   -720    275    394     45     96    359    117   -369   -294   -249 
     X    -21  -6672  -7714   -894  -1115   -701  -1378      *      * 
     3   -734  -1043  -1753  -1569  -1194   2016  -1308   -711  -1389   1881   -476  -1408  -2092  -1314  -1516  -1033   -895   -654  -1763  -1347     3
     -   -149   -500    233     43   -381    399    106   -626    210   -466   -720    275    394     45     96    359    117   -369   -294   -249 
     X    -21  -6672  -7714   -894  -1115   -701  -1378      *      * 
     4  -1553  -2354  -1898   -878  -3068  -2165   -224  -2496   2954  -2227  -1530   -863  -2154    193   2141  -1445  -1306  -2238  -2126  -1941     4
     -   -149   -500    233     43   -381    399    106   -626    210   -466   -720    275    394     45     96    359    117   -369   -294   -249 
     X    -21  -6672  -7714   -894  -1115   -701  -1378      *      * 
     5  -1892  -2397  -1701  -1300  -3050  -2216   -948  -2829   3583  -2696  -2116  -1348  -2450   -619     78  -1865  -1815  -2562  -2460  -2321     5
     -   -149   -500    233     43   -381    399    106   -626    210   -466   -720    275    394     45     96    359    117   -369   -294   -249 
     X    -21  -6672  -7714   -894  -1115   -701  -1378      *      * 
     6   2151   -749  -1584  -1525  -2404   -998  -1512  -1995  -1525  -2305  -1553  -1113   2692  -1359  -1693   -343   -486  -1348  -2633  -2310     6
     -   -149   -500    233     43   -381    399    106   -626    210   -466   -720    275    394     45     96    359    117   -369   -294   -249 
     X    -21  -6672  -7714   -894  -1115   -701  -1378      *      * 
     7   1864   -662  -2452  -2169  -1393  -1626  -1732    442  -1953   -830   -442  -1683  -2105  -1765  -2020   -905   -654   2403  -2105  -1731     7
     -   -149   -500    233     43   -381    399    106   -626    210   -466   -720    275    394     45     96    359    117   -369   -294   -249 
     X    -21  -6672  -7714   -894  -1115   -701  -1378      *      * 
     8   -966  -1167  -1963  -1682   -845  -2000  -1339   -326  -1375   1870    -22  -1583   2438  -1330  -1491  -1318  -1053   -457  -1635  -1233     8
     -   -149   -500    233     43   -381    399    106   -626    210   -466   -720    275    394     45     96    359    117   -369   -294   -249 
     X    -21  -6672  -7714   -894  -1115   -701  -1378      *      * 
     9   -620  -1213  -1446  -1553  -2934   2319  -1765  -2799  -1823  -2955  -2196  -1332   2908  -1628  -2013   -803   -976  -2029  -2895  -2731     9
     -   -149   -500    233     43   -381    399    106   -626    210   -466   -720    275    394     45     96    359    117   -369   -294   -249 
     X    -21  -6672  -7714   -894  -1115   -701  -1378      *      * 
    10   2131   -675  -1421  -1170  -2272   -913  -1194  -1950  -1124  -2169  -1335   -879   1471   -962  -1393   1464   -315  -1271  -2473  -2086    10
     -   -149   -500    233     43   -381    399    106   -626    210   -466   -720    275    394     45     96    359    117   -369   -294   -249 
     X    -21  -6672  -7714   -894  -1115   -701  -1378      *      * 
    11   -633   -720  -2579  -2258  -1281  -1936  -1809    743  -1998   -633   -303  -1863  -2317  -1854  -2067  -1201   1410   2769  -2078  -1687    11
     -   -149   -500    233     43   -381    399    106   -626    210   -466   -720    275    394     45     96    359    117   -369   -294   -249 
     X    -21  -6672  -7714   -894  -1115   -701  -1378      *      * 
    12  -2089  -2190  -2567  -2787  -3372  -2253  -2663  -3607  -2895  -3590  -3215  -2612   4122  -2846  -2839  -2316  -2418  -3135  -2975  -3234    12
     -   -149   -500    233     43   -381    399    106   -626    210   -466   -720    275    394     45     96    359    117   -369   -294   -249 
     X    -21  -6672  -7714   -894  -1115   -701  -1378      *      * 
    13   -410  -1203   -631    -97  -1436  -1436   -159    843   2015  -1186   -446   -291  -1565    180     21    796   -366   -713  -1574  -1078    13
     -   -149   -500    233     43   -381    399    106   -626    210   -466   -720    275    394     45     96    359    117   -369   -294   -249 
     X    -21  -6672  -7714   -894  -1115   -701  -1378      *      * 
    14   -147   -823  -1233  -1202  -2477   -985  -1349  -2259  -1296  -2461  -1653   -942   2659  -1145  -1529   2136   -490  -1517  -2656  -2256    14
     -   -149   -500    233     43   -381    399    106   -626    210   -466   -720    275    394     45     96    359    117   -369   -294   -249 
     X    -21  -6672  -7714   -894  -1115   -701  -1378      *      * 
    15   -781  -1695   -299   -276  -2491   1956   -711  -2325   -334  -2358  -1606   -478  -1809   2913   -657   -773   -900  -1856  -2445  -1925    15
     -   -149   -500    233     43   -381    399    106   -626    210   -466   -720    275    394     45     96    359    117   -369   -294   -249 
     X    -21  -6672  -7714   -894  -1115   -701  -1378      *      * 
    16   -605  -1583   -547   -201  -2302  -1396   -338  -1984   2170  -1999  -1204   -369  -1673     47    108   1882   -641  -1567  -2136  -1641    16
     -   -149   -500    233     43   -381    399    106   -626    210   -466   -720    275    394     45     96    359    117   -369   -294   -249 
     X   -326  -6672  -2378   -894  -1115   -701  -1378      *      * 
    17   1464   -510  -1089   -756  -1708   -813   -769  -1275   -659  -1561   -784   -589   1552   -537   -951    -45   1765   -795  -1956  -1544    17
     -   -149   -500    233     43   -381    399    106   -626    210   -466   -720    275    394     45     96    359    117   -369   -294   -249 
     .    -26  -6372  -7415   -894  -1115   -478  -1825      *      * 
    18   2354   -682  -1748  -1779  -2646   2189  -1728  -2313  -1865  -2608  -1788  -1197  -1632  -1609  -1978   -282   -456  -1491  -2850  -2583    18
     -   -149   -500    233     43   -381    399    106   -626    210   -466   -720    275    394     45     96    359    117   -369   -294   -249 
     X    -21  -6672  -7714   -894  -1115   -701  -1378      *      * 
    19  -1580  -2369  -1966   -906  -3097  -2186   -222  -2511   2638  -2234  -1539   -880  -2167    196   2640  -1470  -1324  -2257  -2126  -1952    19
     -   -149   -500    233     43   -381    399    106   -626    210   -466   -720    275    394     45     96    359    117   -369   -294   -249 
     X    -21  -6672  -7714   -894  -1115   -701  -1378      *      * 
    20  -2089  -2190  -2567  -2787  -3372  -2253  -2663  -3607  -2895  -3590  -3215  -2612   4122  -2846  -2839  -2316  -2418  -3135  -2975  -3234    20
     -   -149   -500    233     43   -381    399    106   -626    210   -466   -720    275    394     45     96    359    117   -369   -294   -249 
     X    -21  -6672  -7714   -894  -1115   -701  -1378      *      * 
    21   -123   -598  -1428  -1058  -1320  -1168   -897   -702   -919  -1159   -471   -883   1406   -780  -1154   1236   -310   1937  -1698  -1295    21
     -   -149   -500    233     43   -381    399    106   -626    210   -466   -720    275    394     45     96    359    117   -369   -294   -249 
     X   -610  -6672  -1578   -894  -1115   -701  -1378      *      * 
    22   -837  -1172  -1401  -1583  -2548   3368  -1650  -2606  -1823  -2739  -2180  -1413  -1845  -1689  -1883  -1038  -1175  -2014  -2268  -2369    22
     -   -149   -500    233     43   -381    399    106   -626    210   -466   -720    275    394     45     96    359    117   -369   -294   -249 
     X    -32  -6094  -7136   -894  -1115   -386  -2091      *      * 
    23   -484   -728  -1889  -1474   -824  -1651  -1083    -32  -1141   -247   3240  -1288  -1966  -1062  -1271   -852   2196    -13  -1494  -1123    23
     -   -149   -500    233     43   -381    399    106   -626    210   -466   -720    275    394     45     96    359    117   -369   -294   -249 
     X    -21  -6672  -7714   -894  -1115   -701  -1378      *      * 
    24  -2089  -2190  -2567  -2787  -3372  -2253  -2663  -3607  -2895  -3590  -3215  -2612   4122  -2846  -2839  -2316  -2418  -3135  -2975  -3234    24
     -   -149   -500    233     43   -381    399    106   -626    210   -466   -720    275    394     45     96    359    117   -369   -294   -249 
     X    -21  -6672  -7714   -894  -1115   -701  -1378      *      * 
    25   -303   -603  -1475  -1019   -905  -1489   -774   1444   -815   -609    -39   -948   1940   -702  -1037   -629   1321    111  -1383   -982    25
     -   -149   -500    233     43   -381    399    106   -626    210   -466   -720    275    394     45     96    359    117   -369   -294   -249 
     X    -21  -6672  -7714   -894  -1115   -701  -1378      *      * 
    26   -143   -821  -1232  -1193  -2474   -983  -1339  -2255  -1283  -2455  -1645   -936   2481  -1132  -1520   2286   -485  -1512  -2651  -2250    26
     -   -149   -500    233     43   -381    399    106   -626    210   -466   -720    275    394     45     96    359    117   -369   -294   -249 
     X    -21  -6672  -7714   -894  -1115   -701  -1378      *      * 
    27   -820  -1740   -383   -266  -2296  -1470   -592  -2121   -110  -2130  -1416   -472   2475   2706   -397   -800   -885  -1740  -2267  -1745    27
     -   -149   -500    233     43   -381    399    106   -626    210   -466   -720    275    394     45     96    359    117   -369   -294   -249 
     X    -21  -6672  -7714   -894  -1115   -701  -1378      *      * 
    28   1208   -704  -2621  -2348  -1388  -1813  -1894    661  -2127   -742   -406  -1860  -2259  -1944  -2180  -1098   -754   2788  -2183  -1801    28
     -   -149   -500    233     43   -381    399    106   -626    210   -466   -720    275    394     45     96    359    117   -369   -294   -249 
     X    -21  -6672  -7714   -894  -1115   -701  -1378      *      * 
    29   -171   -835  -1243  -1256  -2497   -997  -1405  -2291  -1370  -2500  -1703   -978   3128  -1219  -1583   1518   -523  -1544  -2682  -2288    29
     -   -149   -500    233     43   -381    399    106   -626    210   -466   -720    275    394     45     96    359    117   -369   -294   -249 
     X    -21  -6672  -7714   -894  -1115   -701  -1378      *      * 
    30   -767   -652  -2614  -2078   -553  -2316  -1374    778  -1787   1586    402  -1847  -2374  -1540  -1811  -1443   1231   1696  -1370  -1040    30
     -   -149   -500    233     43   -381    399    106   -626    210   -466   -720    275    394     45     96    359    117   -369   -294   -249 
     X    -21  -6672  -7714   -894  -1115   -701  -1378      *      * 
    31  -2089  -2190  -2567  -2787  -3372  -2253  -2663  -3607  -2895  -3590  -3215  -2612   4122  -2846  -2839  -2316  -2418  -3135  -2975  -3234    31
     -   -149   -500    233     43   -381    399    106   -626    210   -466   -720    275    394     45     96    359    117   -369   -294   -249 
     X    -21  -6672  -7714   -894  -1115   -701  -1378      *      * 
    32    -22   -666  -1553  -1407  -2322   -921  -1375  -1959  -1343  -2247  -1446  -1005  -1571  -1192  -1539   2265   2364  -1281  -2558  -2190    32
     -   -149   -500    233     43   -381    399    106   -626    210   -466   -720    275    394     45     96    359    117   -369   -294   -249 
     X    -21  -6672  -7714   -894  -1115   -701  -1378      *      * 
    33    -23   -665  -1556  -1411  -2313   -922  -1376  -1947  -1345  -2237  -1438  -1008  -1572  -1195  -1539   2114   2522  -1274  -2551  -2184    33
     -   -149   -500    233     43   -381    399    106   -626    210   -466   -720    275    394     45     96    359    117   -369   -294   -249 
     X    -21  -6672  -7714   -894  -1115   -701  -1378      *      * 
    34   1218   -622  -1323   -900  -1185  -1214   -755   -664   -740    723   -336   -799  -1606   -620   -998   1758   -293   -423  -1568  -1152    34
     -   -149   -500    233     43   -381    399    106   -626    210   -466   -720    275    394     45     96    359    117   -369   -294   -249 
     X    -21  -6672  -7714   -894  -1115   -701  -1378      *      * 
    35   -758   -898  -2045  -1749  -1027  -1934  -1402   2337  -1493   -448   -169  -1583   2405  -1415  -1613  -1210   -856    306  -1742  -1331    35
     -   -149   -500    233     43   -381    399    106   -626    210   -466   -720    275    394     45     96    359    117   -369   -294   -249 
     X    -21  -6672  -7714   -894  -1115   -701  -1378      *      * 
    36   1580   -622  -1736  -1670  -2521   -872  -1591  -2185  -1655  -2475  -1648  -1111  -1569  -1441  -1800   2718   -369  -1388  -2754  -2431    36
     -   -149   -500    233     43   -381    399    106   -626    210   -466   -720    275    394     45     96    359    117   -369   -294   -249 
     X    -21  -6672  -7714   -894  -1115   -701  -1378      *      * 
    37   1552   -781  -1566  -1550  -2454  -1019  -1557  -2043  -1573  -2357  -1619  -1139   3161  -1411  -1730   -379   -528  -1392  -2677  -2360    37
     -   -149   -500    233     43   -381    399    106   -626    210   -466   -720    275    394     45     96    359    117   -369   -294   -249 
     X    -21  -6672  -7714   -894  -1115   -701  -1378      *      * 
    38   2163   -613  -1762  -1674  -2490   -871  -1578  -2148  -1643  -2438  -1612  -1111  -1565  -1428  -1790   2319   -359  -1365  -2727  -2405    38
     -   -149   -500    233     43   -381    399    106   -626    210   -466   -720    275    394     45     96    359    117   -369   -294   -249 
     X    -21  -6672  -7714   -894  -1115   -701  -1378      *      * 
    39   -419  -1537   -334     85  -2098  -1297   -152  -1782   1993  -1801   -959   -146   1129    257     33   1017   -419  -1373  -1997  -1432    39
     -   -149   -500    233     43   -381    399    106   -626    210   -466   -720    275    394     45     96    359    117   -369   -294   -249 
     X    -21  -6672  -7714   -894  -1115   -701  -1378      *      * 
    40    930   -725  -2451  -1894   -313  -2253  -1203    423  -1595   1310   3178  -1716  -2282  -1328  -1626  -1358   -751    278  -1186   -898    40
     -   -149   -500    233     43   -381    399    106   -626    210   -466   -720    275    394     45     96    359    117   -369   -294   -249 
     X    -21  -6672  -7714   -894  -1115   -701  -1378      *      * 
    41   2373   -782  -1980  -1650   -987  -1607  -1288    -80  -1387   1052   -115  -1394  -2006  -1270  -1511   -856   -657    -46  -1698  -1305    41
     -   -149   -500    233     43   -381    399    106   -626    210   -466   -720    275    394     45     96    359    117   -369   -294   -249 
     X    -21  -6672  -7714   -894  -1115   -701  -1378      *      * 
    42   1324  -1055   -491   -394  -2356   1204   -791  -2070   -638  -2208  -1373   2472  -1543   -471  -1050   -307   -447  -1457  -2463  -1938    42
     -   -149   -500    233     43   -381    399    106   -626    210   -466   -720    275    394     45     96    359    117   -369   -294   -249 
     X    -21  -6672  -7714   -894  -1115   -701  -1378      *      * 
    43  -1160  -2258   2033    -17  -3137   2719   -966  -3052  -1124  -3060  -2358   -332  -1934   -674  -1768  -1040  -1324  -2488  -3073  -2450    43
     -   -149   -500    233     43   -381    399    106   -626    210   -466   -720    275    394     45     96    359    117   -369   -294   -249 
     X    -21  -6672  -7714   -894  -1115   -701  -1378      *      * 
    44   -531  -1884   1526    396  -2203  -1245   -147  -1933    135  -1945  -1100     76  -1490   1782   -388   -405   1793  -1530  -2171  -1482    44
     -   -149   -500    233     43   -381    399    106   -626    210   -466   -720    275    394     45     96    359    117   -369   -294   -249 
     X    -21  -6672  -7714   -894  -1115   -701  -1378      *      * 
    45   1773  -1280   -511   -290  -2031  -1257   -543  -1678   -139  -1818  -1083   -429  -1634   2717   -452   -488   -553  -1289  -2128  -1605    45
     -   -149   -500    233     43   -381    399    106   -626    210   -466   -720    275    394     45     96    359    117   -369   -294   -249 
     X   -610  -6672  -1578   -894  -1115   -701  -1378      *      * 
    46  -1019  -1292  -1442  -1551  -2276  -1383  -1548  -2268  -1593  -2368  -1931  -1452   3803  -1574  -1667  -1216  -1304  -1881  -2121  -2114    46
     -   -149   -500    233     43   -381    399    106   -626    210   -466   -720    275    394     45     96    359    117   -369   -294   -249 
     X    -32  -6094  -7136   -894  -1115  -1414   -679      *      * 
    47     80   -532   -896   -930  -1808   -705  -1008  -1692   -983  -1960  -1279   -673  -1343   -887  -1159   2835   -260  -1092  -2046  -1589    47
     -   -149   -500    233     43   -381    399    106   -626    210   -466   -720    275    394     45     96    359    117   -369   -294   -249 
     X    -32  -6094  -7136   -894  -1115  -1414   -679      *      * 
    48     80   -532   -896   -930  -1808   -705  -1008  -1692   -983  -1960  -1279   -673  -1343   -887  -1159   2835   -260  -1092  -2046  -1589    48
     -   -149   -500    233     43   -381    399    106   -626    210   -466   -720    275    394     45     96    359    117   -369   -294   -249 
     X    -32  -6094  -7136   -894  -1115  -1414   -679      *      * 
    49   1839   -274  -1181   -953  -1568   -636   -867   -869   -828  -1367   -675   -620  -1228   -702  -1031     81   2029   -447  -1896  -1523    49
     -   -149   -500    233     43   -381    399    106   -626    210   -466   -720    275    394     45     96    359    117   -369   -294   -249 
     X    -32  -6094  -7136   -894  -1115  -1414   -679      *      * 
    50   2852   -480  -1333  -1334  -1793   -778  -1244  -1103  -1283  -1612  -1074   -922  -1420  -1168  -1389   -193   -300   -700  -2095  -1784    50
     -   -149   -500    233     43   -381    399    106   -626    210   -466   -720    275    394     45     96    359    117   -369   -294   -249 
     X    -32  -6094  -7136   -894  -1115  -1414   -679      *      * 
    51  -1675  -1400  -2582  -2538   3788  -2369   -416   -550  -2307   -237   -257  -1936  -2559  -1851  -2149  -1960  -1722   -759    182   1233    51
     -   -149   -500    233     43   -381    399    106   -626    210   -466   -720    275    394     45     96    359    117   -369   -294   -249 
     X    -32  -6094  -7136   -894  -1115  -1414   -679      *      * 
    52  -1059   -839  -2701  -2436   -632  -2519  -1917   3080  -2110    295    309  -2242  -2637  -2011  -2135  -1936  -1094   1165  -1747  -1311    52
     -   -149   -500    233     43   -381    399    106   -626    210   -466   -720    275    394     45     96    359    117   -369   -294   -249 
     X    -32  -6094  -7136   -894  -1115  -1414   -679      *      * 
    53  -1019  -1292  -1442  -1551  -2276  -1383  -1548  -2268  -1593  -2368  -1931  -1452   3803  -1574  -1667  -1216  -1304  -1881  -2121  -2114    53
     -   -149   -500    233     43   -381    399    106   -626    210   -466   -720    275    394     45     96    359    117   -369   -294   -249 
     X    -32  -6094  -7136   -894  -1115  -1414   -679      *      * 
    54  -1432  -1250  -2622  -2378   -160  -2516  -1672    451  -1950   2644    720  -2247  -2595  -1795  -1909  -2066  -1446     82  -1329   -951    54
     -   -149   -500    233     43   -381    399    106   -626    210   -466   -720    275    394     45     96    359    117   -369   -294   -249 
     X    -32  -6094  -7136   -894  -1115  -1414   -679      *      * 
    55  -1059   -839  -2701  -2436   -632  -2519  -1917   3080  -2110    295    309  -2242  -2637  -2011  -2135  -1936  -1094   1165  -1747  -1311    55
     -   -149   -500    233     43   -381    399    106   -626    210   -466   -720    275    394     45     96    359    117   -369   -294   -249 
     X    -32  -6094  -7136   -894  -1115   -386  -2091      *      * 
    56    -83   -748  -1385  -1439  -2702   2163  -1573  -2499  -1643  -2705  -1855  -1041  -1616  -1401  -1834   2344   -469  -1607  -2873  -2535    56
     -   -149   -500    233     43   -381    399    106   -626    210   -466   -720    275    394     45     96    359    117   -369   -294   -249 
     -    -21  -6672  -7714   -894  -1115   -701  -1378      *      * 
    57   -665  -1148  -2040  -2098  -2442  -1424  -1936  -1850  -1956  -2305  -1815  -1645  -2071  -1911  -2001   -909   3609  -1444  -2672  -2426    57
     -   -149   -500    233     43   -381    399    106   -626    210   -466   -720    275    394     45     96    359    117   -369   -294   -249 
     -    -21  -6672  -7714   -894  -1115   -701  -1378      *      * 
    58  -1588  -2371  -1981   -915  -3102  -2191   -224  -2514   2522  -2236  -1542   -886  -2171    194   2769  -1479  -1331  -2261  -2127  -1955    58
     -   -149   -500    233     43   -381    399    106   -626    210   -466   -720    275    394     45     96    359    117   -369   -294   -249 
     -    -21  -6672  -7714   -894  -1115   -701  -1378      *      * 
    59  -1294  -1167  -3176  -3053  -1510  -2597  -2599    776  -2808   -665   -568  -2665  -2928  -2721  -2804  -2093  -1429   3343  -2527  -2099    59
     -   -149   -500    233     43   -381    399    106   -626    210   -466   -720    275    394     45     96    359    117   -369   -294   -249 
     -    -21  -6672  -7714   -894  -1115   -701  -1378      *      * 
    60   2163   -613  -1762  -1674  -2490   -871  -1578  -2148  -1643  -2438  -1612  -1111  -1565  -1428  -1790   2319   -359  -1365  -2727  -2405    60
     -   -149   -500    233     43   -381    399    106   -626    210   -466   -720    275    394     45     96    359    117   -369   -294   -249 
     -    -21  -6672  -7714   -894  -1115   -701  -1378      *      * 
    61  -2228  -1908  -3555  -3373   -604  -3255  -2515    -62  -2963   2976    358  -3207  -3275  -2644  -2802  -2988  -2232   -567  -1904  -1643    61
     -   -149   -500    233     43   -381    399    106   -626    210   -466   -720    275    394     45     96    359    117   -369   -294   -249 
     -    -21  -6672  -7714   -894  -1115   -701  -1378      *      * 
    62  -2176  -2415  -2504  -1923  -3054  -2403  -1269  -3053   -167  -2856  -2350  -1844  -2662   -997   3887  -2228  -2131  -2807  -2501  -2452    62
     -   -149   -500    233     43   -381    399    106   -626    210   -466   -720    275    394     45     96    359    117   -369   -294   -249 
     -    -21  -6672  -7714   -894  -1115   -701  -1378      *      * 
    63  -1892  -2397  -1701  -1300  -3050  -2216   -948  -2829   3583  -2696  -2116  -1348  -2450   -619     78  -1865  -1815  -2562  -2460  -2321    63
     -   -149   -500    233     43   -381    399    106   -626    210   -466   -720    275    394     45     96    359    117   -369   -294   -249 
     -    -21  -6672  -7714   -894  -1115   -701  -1378      *      * 
    64   -665  -1148  -2040  -2098  -2442  -1424  -1936  -1850  -1956  -2305  -1815  -1645  -2071  -1911  -2001   -909   3609  -1444  -2672  -2426    64
     -   -149   -500    233     43   -381    399    106   -626    210   -466   -720    275    394     45     96    359    117   -369   -294   -249 
     -    -21  -6672  -7714   -894  -1115   -701  -1378      *      * 
    65  -1588  -2371  -1981   -915  -3102  -2191   -224  -2514   2522  -2236  -1542   -886  -2171    194   2769  -1479  -1331  -2261  -2127  -1955    65
     -   -149   -500    233     43   -381    399    106   -626    210   -466   -720    275    394     45     96    359    117   -369   -294   -249 
     -    -21  -6672  -7714   -894  -1115   -701  -1378      *      * 
    66  -1762  -2287  -1132  -1144  -2520  -2040  -1289  -2773   -740  -2625  -2183  -1302  -2433   4141   -881  -1765  -1840  -2519  -2457  -2076    66
     -   -149   -500    233     43   -381    399    106   -626    210   -466   -720    275    394     45     96    359    117   -369   -294   -249 
     -    -21  -6672  -7714   -894  -1115   -701  -1378      *      * 
    67   2151   -749  -1584  -1525  -2404   -998  -1512  -1995  -1525  -2305  -1553  -1113   2692  -1359  -1693   -343   -486  -1348  -2633  -2310    67
     -   -149   -500    233     43   -381    399    106   -626    210   -466   -720    275    394     45     96    359    117   -369   -294   -249 
     -    -21  -6672  -7714   -894  -1115   -701  -1378      *      * 
    68   2151   -749  -1584  -1525  -2404   -998  -1512  -1995  -1525  -2305  -1553  -1113   2692  -1359  -1693   -343   -486  -1348  -2633  -2310    68
     -   -149   -500    233     43   -381    399    106   -626    210   -466   -720    275    394     45     96    359    117   -369   -294   -249 
     -    -21  -6672  -7714   -894  -1115   -701  -1378      *      * 
    69  -1877  -2708   -271   3539  -3235  -1868  -1322  -3210  -1299  -3203  -2676   -849  -2342  -1076  -1736  -1723  -1961  -2857  -2976  -2640    69
     -   -149   -500    233     43   -381    399    106   -626    210   -466   -720    275    394     45     96    359    117   -369   -294   -249 
     -    -21  -6672  -7714   -894  -1115   -701  -1378      *      * 
    70  -1588  -2371  -1981   -915  -3102  -2191   -224  -2514   2522  -2236  -1542   -886  -2171    194   2769  -1479  -1331  -2261  -2127  -1955    70
     -   -149   -500    233     43   -381    399    106   -626    210   -466   -720    275    394     45     96    359    117   -369   -294   -249 
     -    -21  -6672  -7714   -894  -1115   -701  -1378      *      * 
    71  -1608  -1307  -3432  -3238  -1179  -3095  -2687   3474  -2941   -191   -206  -2987  -3216  -2818  -2915  -2635  -1653    832  -2363  -1952    71
     -   -149   -500    233     43   -381    399    106   -626    210   -466   -720    275    394     45     96    359    117   -369   -294   -249 
     -    -21  -6672  -7714   -894  -1115   -701  -1378      *      * 
    72   2309   -611  -1772  -1684  -2485   -871  -1582  -2141  -1651  -2433  -1608  -1115  -1565  -1435  -1795   2169   -358  -1360  -2724  -2403    72
     -   -149   -500    233     43   -381    399    106   -626    210   -466   -720    275    394     45     96    359    117   -369   -294   -249 
     -    -21  -6672  -7714   -894  -1115   -701  -1378      *      * 
    73   2163   -613  -1762  -1674  -2490   -871  -1578  -2148  -1643  -2438  -1612  -1111  -1565  -1428  -1790   2319   -359  -1365  -2727  -2405    73
     -   -149   -500    233     43   -381    399    106   -626    210   -466   -720    275    394     45     96    359    117   -369   -294   -249 
     -    -21  -6672  -7714   -894  -1115   -701  -1378      *      * 
    74  -1186  -2385   2645     93  -3165   2250   -890  -3079  -1051  -3066  -2363   -240  -1908   -586  -1730  -1029  -1329  -2526  -3105  -2422    74
     -   -149   -500    233     43   -381    399    106   -626    210   -466   -720    275    394     45     96    359    117   -369   -294   -249 
     T    -21  -6672  -7714   -894  -1115   -701  -1378      *      * 
    75    994  -1279   -536    -51  -1843  -1276   -212  -1442   1955  -1577   -769   -240  -1501    170    -67   -341   1234  -1087  -1863  -1337    75
     -   -149   -500    233     43   -381    399    106   -626    210   -466   -720    275    394     45     96    359    117   -369   -294   -249 
     T    -21  -6672  -7714   -894  -1115   -701  -1378      *      * 
    76  -1608  -1307  -3432  -3238  -1179  -3095  -2687   3474  -2941   -191   -206  -2987  -3216  -2818  -2915  -2635  -1653    832  -2363  -1952    76
     -   -149   -500    233     43   -381    399    106   -626    210   -466   -720    275    394     45     96    359    117   -369   -294   -249 
     -    -21  -6672  -7714   -894  -1115   -701  -1378      *      * 
    77    -23   -665  -1556  -1411  -2313   -922  -1376  -1947  -1345  -2237  -1438  -1008  -1572  -1195  -1539   2114   2522  -1274  -2551  -2184    77
     -   -149   -500    233     43   -381    399    106   -626    210   -466   -720    275    394     45     96    359    117   -369   -294   -249 
     S    -21  -6672  -7714   -894  -1115   -701  -1378      *      * 
    78  -1892  -2397  -1701  -1300  -3050  -2216   -948  -2829   3583  -2696  -2116  -1348  -2450   -619     78  -1865  -1815  -2562  -2460  -2321    78
     -   -149   -500    233     43   -381    399    106   -626    210   -466   -720    275    394     45     96    359    117   -369   -294   -249 
     H    -21  -6672  -7714   -894  -1115   -701  -1378      *      * 
    79  -1050  -2229    270   2308  -2889   2157   -726  -2705   -664  -2717  -1977   -225  -1842   -395  -1207   -916  -1143  -2227  -2820  -2180    79
     -   -149   -500    233     43   -381    399    106   -626    210   -466   -720    275    394     45     96    359    117   -369   -294   -249 
     H    -21  -6672  -7714   -894  -1115   -701  -1378      *      * 
    80   1864   -662  -2452  -2169  -1393  -1626  -1732    442  -1953   -830   -442  -1683  -2105  -1765  -2020   -905   -654   2403  -2105  -1731    80
     -   -149   -500    233     43   -381    399    106   -626    210   -466   -720    275    394     45     96    359    117   -369   -294   -249 
     H    -21  -6672  -7714   -894  -1115   -701  -1378      *      * 
    81  -1429  -1111  -3594  -3123   -654  -3252  -2390    988  -2821   1837    435  -2879  -3125  -2469  -2754  -2475  -1400   2434  -1950  -1678    81
     -   -149   -500    233     43   -381    399    106   -626    210   -466   -720    275    394     45     96    359    117   -369   -294   -249 
     H    -21  -6672  -7714   -894  -1115   -701  -1378      *      * 
    82  -2228  -1908  -3555  -3373   -604  -3255  -2515    -62  -2963   2976    358  -3207  -3275  -2644  -2802  -2988  -2232   -567  -1904  -1643    82
     -   -149   -500    233     43   -381    399    106   -626    210   -466   -720    275    394     45     96    359    117   -369   -294   -249 
     H    -21  -6672  -7714   -894  -1115   -701  -1378      *      * 
    83  -1284  -3062   2734   2335  -3271  -1297   -602  -3164   -766  -3068  -2369     96  -1800   -263  -1551   -975  -1338  -2668  -3242  -2305    83
     -   -149   -500    233     43   -381    399    106   -626    210   -466   -720    275    394     45     96    359    117   -369   -294   -249 
     H    -21  -6672  -7714   -894  -1115   -701  -1378      *      * 
    84      3   4050  -2373  -2263  -2183   -921  -1770  -1800  -2004  -2183  -1429  -1363  -1626  -1773  -1997   2345   -386  -1163  -2516  -2203    84
     -   -149   -500    233     43   -381    399    106   -626    210   -466   -720    275    394     45     96    359    117   -369   -294   -249 
     H    -21  -6672  -7714   -894  -1115   -701  -1378      *      * 
    85   2119   -603  -1860  -1700  -2187   -944  -1513  -1563  -1568  -2031  -1303  -1151  -1605  -1391  -1701   -256   2533  -1021  -2501  -2178    85
     -   -149   -500    233     43   -381    399    106   -626    210   -466   -720    275    394     45     96    359    117   -369   -294   -249 
     H    -21  -6672  -7714   -894  -1115   -701  -1378      *      * 
    86  -1274  -3046   2594   2467  -3257  -1297   -596  -3147   -752  -3052  -2350     97  -1796   -256  -1531   -967  -1326  -2653  -3226  -2293    86
     -   -149   -500    233     43   -381    399    106   -626    210   -466   -720    275    394     45     96    359    117   -369   -294   -249 
     H    -21  -6672  -7714   -894  -1115   -701  -1378      *      * 
    87   1928   -807  -2136  -1778   -796  -1786  -1335     85  -1500   1671    115  -1529  -2117  -1352  -1594  -1020   -732     50  -1597  -1237    87
     -   -149   -500    233     43   -381    399    106   -626    210   -466   -720    275    394     45     96    359    117   -369   -294   -249 
     H    -21  -6672  -7714   -894  -1115   -701  -1378      *      * 
    88  -2228  -1908  -3555  -3373   -604  -3255  -2515    -62  -2963   2976    358  -3207  -3275  -2644  -2802  -2988  -2232   -567  -1904  -1643    88
     -   -149   -500    233     43   -381    399    106   -626    210   -466   -720    275    394     45     96    359    117   -369   -294   -249 
     H    -21  -6672  -7714   -894  -1115   -701  -1378      *      * 
    89      1   4230  -2390  -2288  -2180   -923  -1781  -1793  -2024  -2181  -1430  -1373  -1630  -1792  -2009   2194   -389  -1160  -2516  -2202    89
     -   -149   -500    233     43   -381    399    106   -626    210   -466   -720    275    394     45     96    359    117   -369   -294   -249 
     H    -21  -6672  -7714   -894  -1115   -701  -1378      *      * 
    90   -434   -782  -1597  -1283   -881  -1501   -985   -411  -1039   1687   -161  -1128  -1877   -964  -1201   1799   -573   -341  -1482   -998    90
     -   -149   -500    233     43   -381    399    106   -626    210   -466   -720    275    394     45     96    359    117   -369   -294   -249 
     H    -21  -6672  -7714   -894  -1115   -701  -1378      *      * 
    91   3260   -995  -2154  -2261  -2604  -1267  -2060  -2035  -2233  -2502  -1934  -1631  -1961  -2058  -2240   -724   -871  -1499  -2817  -2619    91
     -   -149   -500    233     43   -381    399    106   -626    210   -466   -720    275    394     45     96    359    117   -369   -294   -249 
     H    -21  -6672  -7714   -894  -1115   -701  -1378      *      * 
    92  -1634  -1241  -3872  -3402   -633  -3599  -2674   2995  -3105   1381    488  -3199  -3341  -2691  -3010  -2846  -1587    876  -2062  -1823    92
     -   -149   -500    233     43   -381    399    106   -626    210   -466   -720    275    394     45     96    359    117   -369   -294   -249 
     H    -21  -6672  -7714   -894  -1115   -701  -1378      *      * 
    93    -22   -666  -1553  -1407  -2322   -921  -1375  -1959  -1343  -2247  -1446  -1005  -1571  -1192  -1539   2265   2364  -1281  -2558  -2190    93
     -   -149   -500    233     43   -381    399    106   -626    210   -466   -720    275    394     45     96    359    117   -369   -294   -249 
     H   -610  -6672  -1578   -894  -1115   -701  -1378      *      * 
    94  -1251  -1672  -1507   -973  -2138  -1687   -501  -2023    515  -1937  -1398   -963  -1929   -211   3479  -1295  -1216  -1795  -1800  -1594    94
     -   -149   -500    233     43   -381    399    106   -626    210   -466   -720    275    394     45     96    359    117   -369   -294   -249 
     -    -32  -6094  -7136   -894  -1115  -1414   -679      *      * 
    95   -693  -1399    -52   -203  -1833  -1123   -683  -2041   -566  -2182  -1587   3512  -1623   -497   -876   -717   -877  -1630  -1953  -1386    95
     -   -149   -500    233     43   -381    399    106   -626    210   -466   -720    275    394     45     96    359    117   -369   -294   -249 
     S    -32  -6094  -7136   -894  -1115  -1414   -679      *      * 
    96     80   -532   -896   -930  -1808   -705  -1008  -1692   -983  -1960  -1279   -673  -1343   -887  -1159   2835   -260  -1092  -2046  -1589    96
     -   -149   -500    233     43   -381    399    106   -626    210   -466   -720    275    394     45     96    359    117   -369   -294   -249 
     S    -32  -6094  -7136   -894  -1115  -1414   -679      *      * 
    97  -1047  -1978    340   3101  -2375  -1240   -548  -2185   -411  -2264  -1684   -150  -1668   -266   -834   -917  -1103  -1872  -2262  -1803    97
     -   -149   -500    233     43   -381    399    106   -626    210   -466   -720    275    394     45     96    359    117   -369   -294   -249 
     S    -32  -6094  -7136   -894  -1115   -386  -2091      *      * 
    98   -913  -2332    324   2117  -2622  -1373   -324  -2396     37  -2332  -1548    -21  -1690   2718   -390   -728   -890  -1991  -2481  -1796    98
     -   -149   -500    233     43   -381    399    106   -626    210   -466   -720    275    394     45     96    359    117   -369   -294   -249 
     S    -21  -6672  -7714   -894  -1115   -701  -1378      *      * 
    99   -656   -972  -1706  -1391   -998  -1686  -1121   -479  -1081   -450   3565  -1279   2280  -1060  -1233   -956   -774   -480  -1632  -1231    99
     -   -149   -500    233     43   -381    399    106   -626    210   -466   -720    275    394     45     96    359    117   -369   -294   -249 
     -    -21  -6672  -7714   -894  -1115   -701  -1378      *      * 
   100   2027   -653  -2404  -2124  -1409  -1570  -1696    363  -1909   -866   -466  -1635  -2062  -1722  -1981   -850   -629   2258  -2098  -1727   100
     -   -149   -500    233     43   -381    399    106   -626    210   -466   -720    275    394     45     96    359    117   -369   -294   -249 
     -    -21  -6672  -7714   -894  -1115   -701  -1378      *      * 
   101   -143   -821  -1232  -1193  -2474   -983  -1339  -2255  -1283  -2455  -1645   -936   2481  -1132  -1520   2286   -485  -1512  -2651  -2250   101
     -   -149   -500    233     43   -381    399    106   -626    210   -466   -720    275    394     45     96    359    117   -369   -294   -249 
     -    -21  -6672  -7714   -894  -1115   -701  -1378      *      * 
   102   -958  -2018     -3    -13  -1551  -1480   3549  -2224   -150  -2194  -1494   2484  -1821   -182   -500   -853   -981  -1865  -1822   -981   102
     -   -149   -500    233     43   -381    399    106   -626    210   -466   -720    275    394     45     96    359    117   -369   -294   -249 
     H    -21  -6672  -7714   -894  -1115   -701  -1378      *      * 
   103   -425  -1013  -1661  -1792  -2558  -1187  -1802  -2565  -1897  -2800  -2098  -1367  -1878  -1746  -1993   3270   -814  -1808  -2742  -2368   103
     -   -149   -500    233     43   -381    399    106   -626    210   -466   -720    275    394     45     96    359    117   -369   -294   -249 
     H    -21  -6672  -7714   -894  -1115   -701  -1378      *      * 
   104   1924  -1258   -527   -306  -2019  -1250   -555  -1663   -160  -1810  -1075   -439  -1633   2559   -474   -482   -546  -1274  -2124  -1604   104
     -   -149   -500    233     43   -381    399    106   -626    210   -466   -720    275    394     45     96    359    117   -369   -294   -249 
     H    -21  -6672  -7714   -894  -1115   -701  -1378      *      * 
   105  -1429  -1111  -3594  -3123   -654  -3252  -2390    988  -2821   1837    435  -2879  -3125  -2469  -2754  -2475  -1400   2434  -1950  -1678   105
     -   -149   -500    233     43   -381    399    106   -626    210   -466   -720    275    394     45     96    359    117   -369   -294   -249 
     H    -21  -6672  -7714   -894  -1115   -701  -1378      *      * 
   106  -1455  -1139  -3609  -3134   -607  -3267  -2383    946  -2827   1979    486  -2894  -3127  -2454  -2750  -2489  -1424   2296  -1919  -1664   106
     -   -149   -500    233     43   -381    399    106   -626    210   -466   -720    275    394     45     96    359    117   -369   -294   -249 
     H    -21  -6672  -7714   -894  -1115   -701  -1378      *      * 
   107  -1274  -3046   2594   2467  -3257  -1297   -596  -3147   -752  -3052  -2350     97  -1796   -256  -1531   -967  -1326  -2653  -3226  -2293   107
     -   -149   -500    233     43   -381    399    106   -626    210   -466   -720    275    394     45     96    359    117   -369   -294   -249 
     H    -21  -6672  -7714   -894  -1115   -701  -1378      *      * 
   108   2265   -601  -1866  -1705  -2191   -942  -1516  -1570  -1573  -2036  -1306  -1152  -1603  -1395  -1705   -255   2376  -1025  -2505  -2183   108
     -   -149   -500    233     43   -381    399    106   -626    210   -466   -720    275    394     45     96    359    117   -369   -294   -249 
     H    -21  -6672  -7714   -894  -1115   -701  -1378      *      * 
   109  -1814  -2025  -2478  -2748  -3577   3650  -2700  -3847  -3052  -3864  -3354  -2492  -2699  -2874  -2984  -2040  -2187  -3148  -3081  -3439   109
     -   -149   -500    233     43   -381    399    106   -626    210   -466   -720    275    394     45     96    359    117   -369   -294   -249 
     H    -21  -6672  -7714   -894  -1115   -701  -1378      *      * 
   110  -1172  -2137   -925   -416  -2313  -1840   3308  -2221   2480  -2083  -1354   -558  -1946    149    648  -1071  -1035  -1925  -1979  -1512   110
     -   -149   -500    233     43   -381    399    106   -626    210   -466   -720    275    394     45     96    359    117   -369   -294   -249 
     H    -21  -6672  -7714   -894  -1115   -701  -1378      *      * 
   111   -871  -2108    152    163  -2419  -1390   -370  -2310     52  -2272  -1504   2578  -1718   2586   -311   -737   -876  -1905  -2349  -1683   111
     -   -149   -500    233     43   -381    399    106   -626    210   -466   -720    275    394     45     96    359    117   -369   -294   -249 
     H    -21  -6672  -7714   -894  -1115   -701  -1378      *      * 
   112  -2228  -1908  -3555  -3373   -604  -3255  -2515    -62  -2963   2976    358  -3207  -3275  -2644  -2802  -2988  -2232   -567  -1904  -1643   112
     -   -149   -500    233     43   -381    399    106   -626    210   -466   -720    275    394     45     96    359    117   -369   -294   -249 
     H    -21  -6672  -7714   -894  -1115   -701  -1378      *      * 
   113  -1727  -1460  -2995  -2674    783  -2922   -560   -440  -2242   1785    -35  -2100  -2883  -1842  -2130  -2108  -1662   -673      7   3374   113
     -   -149   -500    233     43   -381    399    106   -626    210   -466   -720    275    394     45     96    359    117   -369   -294   -249 
     H    -21  -6672  -7714   -894  -1115   -701  -1378      *      * 
   114   -731  -1834   2403    141  -2506  -1249   -601  -2165   -546  -2327  -1580   -149  -1692   -265  -1105   -660   2281  -1735  -2591  -1914   114
     -   -149   -500    233     43   -381    399    106   -626    210   -466   -720    275    394     45     96    359    117   -369   -294   -249 
     H    -21  -6672  -7714   -894  -1115   -701  -1378      *      * 
   115  -2978  -2204  -3677  -3812   3354  -3559    -44  -1945  -3413  -1438  -1430  -2321  -3461  -2388  -2948  -2789  -2870  -2078    685   3601   115
     -   -149   -500    233     43   -381    399    106   -626    210   -466   -720    275    394     45     96    359    117   -369   -294   -249 
     H    -21  -6672  -7714   -894  -1115   -701  -1378      *      * 
   116  -1668   5611  -3406  -3571  -2843  -2114  -2801  -2423  -3306  -2880  -2568  -2847  -2716  -3192  -3058  -1988  -2033  -2131  -2810  -2873   116
     -   -149   -500    233     43   -381    399    106   -626    210   -466   -720    275    394     45     96    359    117   -369   -294   -249 
     H    -21  -6672  -7714   -894  -1115   -701  -1378      *      * 
   117   -218   -620  -1892  -1644  -1458  -1259  -1344   -329  -1469  -1193   -638  -1251  -1793  -1316  -1598   1931   -466   2278  -1962  -1552   117
     -   -149   -500    233     43   -381    399    106   -626    210   -466   -720    275    394     45     96    359    117   -369   -294   -249 
     H    -21  -6672  -7714   -894  -1115   -701  -1378      *      * 
   118    -83   -748  -1385  -1439  -2702   2163  -1573  -2499  -1643  -2705  -1855  -1041  -1616  -1401  -1834   2344   -469  -1607  -2873  -2535   118
     -   -149   -500    233     43   -381    399    106   -626    210   -466   -720    275    394     45     96    359    117   -369   -294   -249 
     H    -21  -6672  -7714   -894  -1115   -701  -1378      *      * 
   119  -2742  -2290  -3014  -3139    701  -3008   -615  -2258  -2836  -1879  -1835  -2399  -3220  -2421  -2640  -2733  -2781  -2314     18   4561   119
     -   -149   -500    233     43   -381    399    106   -626    210   -466   -720    275    394     45     96    359    117   -369   -294   -249 
     H    -21  -6672  -7714   -894  -1115   -701  -1378      *      * 
   120  -1294  -1167  -3176  -3053  -1510  -2597  -2599    776  -2808   -665   -568  -2665  -2928  -2721  -2804  -2093  -1429   3343  -2527  -2099   120
     -   -149   -500    233     43   -381    399    106   -626    210   -466   -720    275    394     45     96    359    117   -369   -294   -249 
     G    -21  -6672  -7714   -894  -1115   -701  -1378      *      * 
   121  -2059  -2867   3860   -532  -3452  -1877  -1516  -3665  -1847  -3616  -3145   -882  -2414  -1318  -2469  -1872  -2198  -3236  -3167  -2847   121
     -   -149   -500    233     43   -381    399    106   -626    210   -466   -720    275    394     45     96    359    117   -369   -294   -249 
     G    -21  -6672  -7714   -894  -1115   -701  -1378      *      * 
   122      7   3103  -2316  -2188  -2215   -915  -1742  -1844  -1944  -2214  -1451  -1334  -1618  -1721  -1961   2793   -381  -1190  -2536  -2220   122
     -   -149   -500    233     43   -381    399    106   -626    210   -466   -720    275    394     45     96    359    117   -369   -294   -249 
     G    -21  -6672  -7714   -894  -1115   -701  -1378      *      * 
   123  -1608  -1307  -3432  -3238  -1179  -3095  -2687   3474  -2941   -191   -206  -2987  -3216  -2818  -2915  -2635  -1653    832  -2363  -1952   123
     -   -149   -500    233     43   -381    399    106   -626    210   -466   -720    275    394     45     96    359    117   -369   -294   -249 
     -    -21  -6672  -7714   -894  -1115   -701  -1378      *      * 
   124   -815  -1746   -376   -251  -2295  -1468   -576  -2117    -90  -2124  -1406   -460   2290   2860   -378   -792   -875  -1737  -2261  -1736   124
     -   -149   -500    233     43   -381    399    106   -626    210   -466   -720    275    394     45     96    359    117   -369   -294   -249 
     -    -21  -6672  -7714   -894  -1115   -701  -1378      *      * 
   125  -1762  -2287  -1132  -1144  -2520  -2040  -1289  -2773   -740  -2625  -2183  -1302  -2433   4141   -881  -1765  -1840  -2519  -2457  -2076   125
     -   -149   -500    233     43   -381    399    106   -626    210   -466   -720    275    394     45     96    359    117   -369   -294   -249 
     -    -21  -6672  -7714   -894  -1115   -701  -1378      *      * 
   126   -496   -731  -1915  -1502   -811  -1667  -1098    -19  -1164   -222   3409  -1310  -1980  -1084  -1288   -870   2040     -6  -1492  -1124   126
     -   -149   -500    233     43   -381    399    106   -626    210   -466   -720    275    394     45     96    359    117   -369   -294   -249 
     S    -21  -6672  -7714   -894  -1115   -701  -1378      *      * 
   127  -2176  -2415  -2504  -1923  -3054  -2403  -1269  -3053   -167  -2856  -2350  -1844  -2662   -997   3887  -2228  -2131  -2807  -2501  -2452   127
     -   -149   -500    233     43   -381    399    106   -626    210   -466   -720    275    394     45     96    359    117   -369   -294   -249 
     T    -21  -6672  -7714   -894  -1115   -701  -1378      *      * 
   128  -1468  -2069   -762   -997  -2634  -1768  -1516  -3059  -1508  -3127  -2580   4001  -2312  -1391  -1789  -1503  -1700  -2572  -2658  -2191   128
     -   -149   -500    233     43   -381    399    106   -626    210   -466   -720    275    394     45     96    359    117   -369   -294   -249 
     T    -21  -6672  -7714   -894  -1115   -701  -1378      *      * 
   129  -1892  -2397  -1701  -1300  -3050  -2216   -948  -2829   3583  -2696  -2116  -1348  -2450   -619     78  -1865  -1815  -2562  -2460  -2321   129
     -   -149   -500    233     43   -381    399    106   -626    210   -466   -720    275    394     45     96    359    117   -369   -294   -249 
     H    -21  -6672  -7714   -894  -1115   -701  -1378      *      * 
   130  -2605  -2164  -3410  -3518   4186  -3034   -940  -1504  -3300  -1072  -1142  -2698  -3246  -2697  -2999  -2815  -2670  -1743   -274    806   130
     -   -149   -500    233     43   -381    399    106   -626    210   -466   -720    275    394     45     96    359    117   -369   -294   -249 
     H    -21  -6672  -7714   -894  -1115   -701  -1378      *      * 
   131   3260   -995  -2154  -2261  -2604  -1267  -2060  -2035  -2233  -2502  -1934  -1631  -1961  -2058  -2240   -724   -871  -1499  -2817  -2619   131
     -   -149   -500    233     43   -381    399    106   -626    210   -466   -720    275    394     45     96    359    117   -369   -294   -249 
     H    -21  -6672  -7714   -894  -1115   -701  -1378      *      * 
   132  -2605  -2164  -3410  -3518   4186  -3034   -940  -1504  -3300  -1072  -1142  -2698  -3246  -2697  -2999  -2815  -2670  -1743   -274    806   132
     -   -149   -500    233     43   -381    399    106   -626    210   -466   -720    275    394     45     96    359    117   -369   -294   -249 
     H    -21  -6672  -7714   -894  -1115   -701  -1378      *      * 
   133  -2176  -2415  -2504  -1923  -3054  -2403  -1269  -3053   -167  -2856  -2350  -1844  -2662   -997   3887  -2228  -2131  -2807  -2501  -2452   133
     -   -149   -500    233     43   -381    399    106   -626    210   -466   -720    275    394     45     96    359    117   -369   -294   -249 
     H    -21  -6672  -7714   -894  -1115   -701  -1378      *      * 
   134  -1877  -2708   -271   3539  -3235  -1868  -1322  -3210  -1299  -3203  -2676   -849  -2342  -1076  -1736  -1723  -1961  -2857  -2976  -2640   134
     -   -149   -500    233     43   -381    399    106   -626    210   -466   -720    275    394     45     96    359    117   -369   -294   -249 
     H    -21  -6672  -7714   -894  -1115   -701  -1378      *      * 
   135   3260   -995  -2154  -2261  -2604  -1267  -2060  -2035  -2233  -2502  -1934  -1631  -1961  -2058  -2240   -724   -871  -1499  -2817  -2619   135
     -   -149   -500    233     43   -381    399    106   -626    210   -466   -720    275    394     45     96    359    117   -369   -294   -249 
     H    -21  -6672  -7714   -894  -1115   -701  -1378      *      * 
   136  -1405   -988  -3866  -3470  -1334  -3573  -3095   2740  -3294   -241   -156  -3224  -3437  -3113  -3342  -2851  -1394   2544  -2712  -2299   136
     -   -149   -500    233     43   -381    399    106   -626    210   -466   -720    275    394     45     96    359    117   -369   -294   -249 
     H    -21  -6672  -7714   -894  -1115   -701  -1378      *      * 
   137   -381  -1252   -278   -307  -2415  -1095   -810  -2277   -663  -2387  -1581   2694  -1623   -506  -1067   1962   -609  -1656  -2533  -1935   137
     -   -149   -500    233     43   -381    399    106   -626    210   -466   -720    275    394     45     96    359    117   -369   -294   -249 
     H    -21  -6672  -7714   -894  -1115   -701  -1378      *      * 
   138  -1892  -2397  -1701  -1300  -3050  -2216   -948  -2829   3583  -2696  -2116  -1348  -2450   -619     78  -1865  -1815  -2562  -2460  -2321   138
     -   -149   -500    233     43   -381    399    106   -626    210   -466   -720    275    394     45     96    359    117   -369   -294   -249 
     H    -21  -6672  -7714   -894  -1115   -701  -1378      *      * 
   139  -2228  -1908  -3555  -3373   -604  -3255  -2515    -62  -2963   2976    358  -3207  -3275  -2644  -2802  -2988  -2232   -567  -1904  -1643   139
     -   -149   -500    233     43   -381    399    106   -626    210   -466   -720    275    394     45     96    359    117   -369   -294   -249 
     H    -21  -6672  -7714   -894  -1115   -701  -1378      *      * 
   140  -1877  -2708   -271   3539  -3235  -1868  -1322  -3210  -1299  -3203  -2676   -849  -2342  -1076  -1736  -1723  -1961  -2857  -2976  -2640   140
     -   -149   -500    233     43   -381    399    106   -626    210   -466   -720    275    394     45     96    359    117   -369   -294   -249 
     H    -21  -6672  -7714   -894  -1115   -701  -1378      *      * 
   141   -310   -923   -637   -282  -1151  -1331   -376   -788   -204   1154   -331   1476  -1579   -143   -550   1008   -343   -570  -1465   -953   141
     -   -149   -500    233     43   -381    399    106   -626    210   -466   -720    275    394     45     96    359    117   -369   -294   -249 
     H    -21  -6672  -7714   -894  -1115   -701  -1378      *      * 
   142   -381  -1252   -278   -307  -2415  -1095   -810  -2277   -663  -2387  -1581   2694  -1623   -506  -1067   1962   -609  -1656  -2533  -1935   142
     -   -149   -500    233     43   -381    399    106   -626    210   -466   -720    275    394     45     96    359    117   -369   -294   -249 
     H    -21  -6672  -7714   -894  -1115   -701  -1378      *      * 
   143  -2228  -1908  -3555  -3373   -604  -3255  -2515    -62  -2963   2976    358  -3207  -3275  -2644  -2802  -2988  -2232   -567  -1904  -1643   143
     -   -149   -500    233     43   -381    399    106   -626    210   -466   -720    275    394     45     96    359    117   -369   -294   -249 
     H    -21  -6672  -7714   -894  -1115   -701  -1378      *      * 
   144  -1276  -2182  -1312   -598  -2705  -1952   -226  -2297    915  -2109  -1392   -679  -2011   2642   2659  -1182  -1106  -2014  -2080  -1771   144
     -   -149   -500    233     43   -381    399    106   -626    210   -466   -720    275    394     45     96    359    117   -369   -294   -249 
     H    -21  -6672  -7714   -894  -1115   -701  -1378      *      * 
   145  -1877  -2708   -271   3539  -3235  -1868  -1322  -3210  -1299  -3203  -2676   -849  -2342  -1076  -1736  -1723  -1961  -2857  -2976  -2640   145
     -   -149   -500    233     43   -381    399    106   -626    210   -466   -720    275    394     45     96    359    117   -369   -294   -249 
     H    -21  -6672  -7714   -894  -1115   -701  -1378      *      * 
   146  -2228  -1908  -3555  -3373   -604  -3255  -2515    -62  -2963   2976    358  -3207  -3275  -2644  -2802  -2988  -2232   -567  -1904  -1643   146
     -   -149   -500    233     43   -381    399    106   -626    210   -466   -720    275    394     45     96    359    117   -369   -294   -249 
     H    -21  -6672  -7714   -894  -1115   -701  -1378      *      * 
   147  -1762  -2287  -1132  -1144  -2520  -2040  -1289  -2773   -740  -2625  -2183  -1302  -2433   4141   -881  -1765  -1840  -2519  -2457  -2076   147
     -   -149   -500    233     43   -381    399    106   -626    210   -466   -720    275    394     45     96    359    117   -369   -294   -249 
     S    -21  -6672  -7714   -894  -1115   -701  -1378      *      * 
   148  -1405   -988  -3866  -3470  -1334  -3573  -3095   2740  -3294   -241   -156  -3224  -3437  -3113  -3342  -2851  -1394   2544  -2712  -2299   148
     -   -149   -500    233     43   -381    399    106   -626    210   -466   -720    275    394     45     96    359    117   -369   -294   -249 
     -    -21  -6672  -7714   -894  -1115   -701  -1378      *      * 
   149      1   4230  -2390  -2288  -2180   -923  -1781  -1793  -2024  -2181  -1430  -1373  -1630  -1792  -2009   2194   -389  -1160  -2516  -2202   149
     -   -149   -500    233     43   -381    399    106   -626    210   -466   -720    275    394     45     96    359    117   -369   -294   -249 
     -    -21  -6672  -7714   -894  -1115   -701  -1378      *      * 
   150   -147   -823  -1233  -1202  -2477   -985  -1349  -2259  -1296  -2461  -1653   -942   2659  -1145  -1529   2136   -490  -1517  -2656  -2256   150
     -   -149   -500    233     43   -381    399    106   -626    210   -466   -720    275    394     45     96    359    117   -369   -294   -249 
     S    -21  -6672  -7714   -894  -1115   -701  -1378      *      * 
   151   2715   -597  -1912  -1782  -2247   -933  -1578  -1615  -1653  -2092  -1364  -1183  -1608  -1466  -1766   -253   1589  -1052  -2561  -2250   151
     -   -149   -500    233     43   -381    399    106   -626    210   -466   -720    275    394     45     96    359    117   -369   -294   -249 
     S    -21  -6672  -7714   -894  -1115   -701  -1378      *      * 
   152   2119   -603  -1860  -1700  -2187   -944  -1513  -1563  -1568  -2031  -1303  -1151  -1605  -1391  -1701   -256   2533  -1021  -2501  -2178   152
     -   -149   -500    233     43   -381    399    106   -626    210   -466   -720    275    394     45     96    359    117   -369   -294   -249 
     S    -21  -6672  -7714   -894  -1115   -701  -1378      *      * 
   153   3260   -995  -2154  -2261  -2604  -1267  -2060  -2035  -2233  -2502  -1934  -1631  -1961  -2058  -2240   -724   -871  -1499  -2817  -2619   153
     -   -149   -500    233     43   -381    399    106   -626    210   -466   -720    275    394     45     96    359    117   -369   -294   -249 
     S    -21  -6672  -7714   -894  -1115   -701  -1378      *      * 
   154   -101   -758  -1383  -1483  -2735   2768  -1629  -2542  -1730  -2755  -1911  -1069  -1633  -1474  -1902   1570   -494  -1637  -2909  -2580   154
     -   -149   -500    233     43   -381    399    106   -626    210   -466   -720    275    394     45     96    359    117   -369   -294   -249 
     -   -610  -6672  -1578   -894  -1115   -701  -1378      *      * 
   155     80   -532   -896   -930  -1808   -705  -1008  -1692   -983  -1960  -1279   -673  -1343   -887  -1159   2835   -260  -1092  -2046  -1589   155
     -   -149   -500    233     43   -381    399    106   -626    210   -466   -720    275    394     45     96    359    117   -369   -294   -249 
     -    -32  -6094  -7136   -894  -1115   -386  -2091      *      * 
   156   -326   -738  -1911  -1785  -1705   2191  -1541   -549  -1688  -1429   -891  -1366  -1873  -1522  -1793   -634   -604   2215  -2176  -1808   156
     -   -149   -500    233     43   -381    399    106   -626    210   -466   -720    275    394     45     96    359    117   -369   -294   -249 
     S    -21  -6672  -7714   -894  -1115   -701  -1378      *      * 
   157  -2089  -2190  -2567  -2787  -3372  -2253  -2663  -3607  -2895  -3590  -3215  -2612   4122  -2846  -2839  -2316  -2418  -3135  -2975  -3234   157
     -   -149   -500    233     43   -381    399    106   -626    210   -466   -720    275    394     45     96    359    117   -369   -294   -249 
     S    -21  -6672  -7714   -894  -1115   -701  -1378      *      * 
   158   2354   -682  -1748  -1779  -2646   2189  -1728  -2313  -1865  -2608  -1788  -1197  -1632  -1609  -1978   -282   -456  -1491  -2850  -2583   158
     -   -149   -500    233     43   -381    399    106   -626    210   -466   -720    275    394     45     96    359    117   -369   -294   -249 
     S    -21  -6672  -7714   -894  -1115   -701  -1378      *      * 
   159   2265   -601  -1866  -1705  -2191   -942  -1516  -1570  -1573  -2036  -1306  -1152  -1603  -1395  -1705   -255   2376  -1025  -2505  -2183   159
     -   -149   -500    233     43   -381    399    106   -626    210   -466   -720    275    394     45     96    359    117   -369   -294   -249 
     S    -21  -6672  -7714   -894  -1115   -701  -1378      *      * 
   160   -356  -1152   -484   -422  -2183  -1139   -787  -1857   -576  -2081  -1316   2490  -1633   -496   -927   -446   2345  -1370  -2338  -1801   160
     -   -149   -500    233     43   -381    399    106   -626    210   -466   -720    275    394     45     96    359    117   -369   -294   -249 
     -    -21  -6672  -7714   -894  -1115   -701  -1378      *      * 
   161   -815  -1746   -376   -251  -2295  -1468   -576  -2117    -90  -2124  -1406   -460   2290   2860   -378   -792   -875  -1737  -2261  -1736   161
     -   -149   -500    233     43   -381    399    106   -626    210   -466   -720    275    394     45     96    359    117   -369   -294   -249 
     -    -21  -6672  -7714   -894  -1115   -701  -1378      *      * 
   162   -792  -1450   2425   -250  -1770  -1536   -800   -482   -777  -1405   -904   -499  -1899   -535  -1254   -893   -857   2003  -2196  -1604   162
     -   -149   -500    233     43   -381    399    106   -626    210   -466   -720    275    394     45     96    359    117   -369   -294   -249 
     -    -21  -6672  -7714   -894  -1115   -701  -1378      *      * 
   163  -2013  -1623  -3812  -3406   2924  -3530  -1486    144  -3076   2069    671  -2922  -3248  -2367  -2818  -2752  -1924   -379   -759     45   163
     -   -149   -500    233     43   -381    399    106   -626    210   -466   -720    275    394     45     96    359    117   -369   -294   -249 
     T    -21  -6672  -7714   -894  -1115   -701  -1378      *      * 
   164   -370  -1236   -299   -321  -2410  -1090   -815  -2270   -667  -2382  -1574   2531  -1620   -512  -1068   2115   -600  -1646  -2529  -1935   164
     -   -149   -500    233     43   -381    399    106   -626    210   -466   -720    275    394     45     96    359    117   -369   -294   -249 
     H    -21  -6672  -7714   -894  -1115   -701  -1378      *      * 
   165   -950  -2105   -283    -57  -2568  -1565   -270  -2273   2369  -2185  -1410   2365  -1785    128    280   -829   -891  -1900  -2234  -1726   165
     -   -149   -500    233     43   -381    399    106   -626    210   -466   -720    275    394     45     96    359    117   -369   -294   -249 
     H    -21  -6672  -7714   -894  -1115   -701  -1378      *      * 
   166  -2228  -1908  -3555  -3373   -604  -3255  -2515    -62  -2963   2976    358  -3207  -3275  -2644  -2802  -2988  -2232   -567  -1904  -1643   166
     -   -149   -500    233     43   -381    399    106   -626    210   -466   -720    275    394     45     96    359    117   -369   -294   -249 
     H    -21  -6672  -7714   -894  -1115   -701  -1378      *      * 
   167  -2228  -1908  -3555  -3373   -604  -3255  -2515    -62  -2963   2976    358  -3207  -3275  -2644  -2802  -2988  -2232   -567  -1904  -1643   167
     -   -149   -500    233     43   -381    399    106   -626    210   -466   -720    275    394     45     96    359    117   -369   -294   -249 
     H    -21  -6672  -7714   -894  -1115   -701  -1378      *      * 
   168   -425  -1013  -1661  -1792  -2558  -1187  -1802  -2565  -1897  -2800  -2098  -1367  -1878  -1746  -1993   3270   -814  -1808  -2742  -2368   168
     -   -149   -500    233     43   -381    399    106   -626    210   -466   -720    275    394     45     96    359    117   -369   -294   -249 
     H    -21  -6672  -7714   -894  -1115   -701  -1378      *      * 
   169      3   4050  -2373  -2263  -2183   -921  -1770  -1800  -2004  -2183  -1429  -1363  -1626  -1773  -1997   2345   -386  -1163  -2516  -2203   169
     -   -149   -500    233     43   -381    399    106   -626    210   -466   -720    275    394     45     96    359    117   -369   -294   -249 
     H    -21  -6672  -7714   -894  -1115   -701  -1378      *      * 
   170  -1294  -1167  -3176  -3053  -1510  -2597  -2599    776  -2808   -665   -568  -2665  -2928  -2721  -2804  -2093  -1429   3343  -2527  -2099   170
     -   -149   -500    233     43   -381    399    106   -626    210   -466   -720    275    394     45     96    359    117   -369   -294   -249 
     H    -21  -6672  -7714   -894  -1115   -701  -1378      *      * 
   171  -1146  -2194   -883   -352  -2704  -1817   -192  -2294   2472  -2123  -1373   -503  -1910   2595    728  -1028  -1001  -1977  -2122  -1753   171
     -   -149   -500    233     43   -381    399    106   -626    210   -466   -720    275    394     45     96    359    117   -369   -294   -249 
     H    -21  -6672  -7714   -894  -1115   -701  -1378      *      * 
   172  -1877  -2708   -271   3539  -3235  -1868  -1322  -3210  -1299  -3203  -2676   -849  -2342  -1076  -1736  -1723  -1961  -2857  -2976  -2640   172
     -   -149   -500    233     43   -381    399    106   -626    210   -466   -720    275    394     45     96    359    117   -369   -294   -249 
     H    -21  -6672  -7714   -894  -1115   -701  -1378      *      * 
   173  -1608  -1307  -3432  -3238  -1179  -3095  -2687   3474  -2941   -191   -206  -2987  -3216  -2818  -2915  -2635  -1653    832  -2363  -1952   173
     -   -149   -500    233     43   -381    399    106   -626    210   -466   -720    275    394     45     96    359    117   -369   -294   -249 
     H    -21  -6672  -7714   -894  -1115   -701  -1378      *      * 
   174   -425  -1013  -1661  -1792  -2558  -1187  -1802  -2565  -1897  -2800  -2098  -1367  -1878  -1746  -1993   3270   -814  -1808  -2742  -2368   174
     -   -149   -500    233     43   -381    399    106   -626    210   -466   -720    275    394     45     96    359    117   -369   -294   -249 
     H    -21  -6672  -7714   -894  -1115   -701  -1378      *      * 
   175  -2059  -2867   3860   -532  -3452  -1877  -1516  -3665  -1847  -3616  -3145   -882  -2414  -1318  -2469  -1872  -2198  -3236  -3167  -2847   175
     -   -149   -500    233     43   -381    399    106   -626    210   -466   -720    275    394     45     96    359    117   -369   -294   -249 
     H    -21  -6672  -7714   -894  -1115   -701  -1378      *      * 
   176  -1405   -988  -3866  -3470  -1334  -3573  -3095   2740  -3294   -241   -156  -3224  -3437  -3113  -3342  -2851  -1394   2544  -2712  -2299   176
     -   -149   -500    233     43   -381    399    106   -626    210   -466   -720    275    394     45     96    359    117   -369   -294   -249 
     H    -21  -6672  -7714   -894  -1115   -701  -1378      *      * 
   177  -1294  -1167  -3176  -3053  -1510  -2597  -2599    776  -2808   -665   -568  -2665  -2928  -2721  -2804  -2093  -1429   3343  -2527  -2099   177
     -   -149   -500    233     43   -381    399    106   -626    210   -466   -720    275    394     45     96    359    117   -369   -294   -249 
     H    -21  -6672  -7714   -894  -1115   -701  -1378      *      * 
   178  -1201  -2133  -1141   -516  -2608  -1886   -238  -2245    843  -2082  -1361   -625  -1971   3184   1975  -1111  -1055  -1954  -2075  -1728   178
     -   -149   -500    233     43   -381    399    106   -626    210   -466   -720    275    394     45     96    359    117   -369   -294   -249 
     H    -21  -6672  -7714   -894  -1115   -701  -1378      *      * 
   179  -2176  -2415  -2504  -1923  -3054  -2403  -1269  -3053   -167  -2856  -2350  -1844  -2662   -997   3887  -2228  -2131  -2807  -2501  -2452   179
     -      *      *      *      *      *      *      *      *      *      *      *      *      *      *      *      *      *      *      *      * 
     H      *      *      *      *      *      *      *      *      0 
//